-0.99777147 1.03373449
-1.28164361 0.97998003
-1.00099791 0.53400086
0.96656865 -0.35820169
0.55776826 0.02003578
-1.26400906 1.10217350
-0.87598109 -1.43559162
1.29596191 -1.56650942
0.68725726 -0.25909230
1.11151739 -1.33907700
-1.06456932 0.97554693
-0.96332786 0.79370670
0.68340837 0.30011499
-1.30880166 0.94396276
0.92921812 -0.05291369
-1.10714553 0.99936595
-0.75644501 -1.49656224
1.30150873 -1.59720650
-0.18215915 1.11820527
-1.11154527 0.48839385
0.85896442 0.10990356
0.73772884 0.55712938
-0.17036629 1.11775656
-0.78144811 -1.53118539
-1.13605606 0.74960865
0.92591396 -0.32522667
-1.36189156 1.05760434
0.90305329 0.18083640
-1.03953446 -1.43985831
-0.14605159 1.00382842
-1.18792691 1.45627737
-0.84483761 -1.35216590
-0.05591186 1.08804531
-1.07300542 0.82751483
-0.87117743 -1.36964996
0.78707477 0.25857526
0.62299811 0.46874963
1.22938747 -0.15814477
-0.21105129 0.93410286
-0.63327308 -1.61768616
-1.20868568 0.81600767
-1.22520931 -1.54450614
-0.24877629 1.05957233
0.78433371 0.26144400
-0.17237599 1.27666480
1.15696976 -0.22213845
-1.36036231 1.04341710
0.71355079 0.34329228
-0.76494376 0.69302625
-1.30460477 0.48306882
1.18369776 -0.16497653
0.81302886 -0.03488853
-1.10032543 0.91776331
-0.84073716 -1.27138785
1.54712203 -1.61346638
0.68770235 0.16058810
-0.18512899 1.01991664
1.20560615 -0.31103497
0.00783350 1.12031657
-0.20193830 0.93206648
-1.21773240 -1.36291476
0.49336151 -0.09762542
0.67271859 0.29795877
0.55470484 0.37123384
-0.98652191 0.72338159
0.89705274 -0.45598298
-0.03735791 1.19026949
-1.45809102 0.76489166
-1.03227561 0.94731099
1.41370057 -1.40535599
-0.23422139 1.05634418
-1.31430081 1.02960381
-0.93723899 0.75299328
1.22413711 -0.00386869
-1.62188350 1.18405906
0.50350974 0.17841009
-0.87029249 -1.31254207
-1.08414612 0.60721311
1.32751066 -1.34259236
-1.37164575 0.97462170
-0.58157719 -1.67768232
-0.53358223 -1.69412453
-0.18871600 0.93117887
-0.71364379 0.70601732
-0.92583082 -1.42491327
0.84896279 0.04846980
-1.14691626 0.45070490
1.23621685 -0.08409496
0.56961736 -0.19662819
-1.32643951 0.83341833
0.62873779 0.45026731
-0.64445630 -1.32105419
-0.61847588 -1.46100207
-0.36702402 -1.52651608
-1.20657809 1.01849257
0.68523920 0.18984683
-0.11016702 1.03970479
1.46068630 -1.41169733
-0.55475028 -1.62635549
-0.82232890 0.74651471
1.33774897 -0.04738837
1.24054465 0.16981517
-1.23161058 1.32482564
1.14384235 -0.25142029
-0.98506563 -1.42290233
-0.06458891 1.37349288
1.00605372 -0.30066558
0.75114787 0.38398626
-1.18368622 0.96460090
0.87546416 0.46148561
1.31035578 -1.64743306
0.83000512 0.60067290
0.92082880 -0.16296271
-1.08525169 0.83063549
-0.05816974 0.90331522
-0.97601931 1.36188577
0.83009965 -0.22778848
-0.92025187 1.28853150
-1.04685770 1.02487340
0.95473956 -0.22157686
-0.05945461 0.66811000
1.46036058 -1.27668197
1.13691545 0.19612102
-1.10038504 0.95659771
-1.36292235 0.83566264
-0.33615252 1.01236965
1.31240655 -1.28885394
-1.15737985 1.04428057
-0.02162405 0.92207869
1.40247411 -1.41594768
-1.15730345 1.15379813
1.39030962 -1.47536205
1.10931815 -0.05126667
0.95299284 -0.22779127
-0.87979386 -1.51656465
1.31163377 -1.07594821
-1.41303813 1.01325995
-0.79170731 -1.49878195
0.98183077 -0.04236623
0.52746947 0.55398296
-1.17201285 0.99713547
1.59366776 -1.34177803
1.38248319 -1.51375909
-0.06303027 0.92204203
-1.02456027 0.75646164
-1.07388833 0.72250844
-0.65026690 -1.46312851
0.82470737 -0.12517636
-0.31515300 0.86902424
-1.09529615 0.61261978
-1.13274508 1.09558544
-0.88815210 -1.24865694
1.18973809 -0.01274411
-0.36918571 -1.55112524
1.07230132 -0.29686653
-1.07569886 -1.29880199
-0.93639487 -1.75012182
-1.20687018 0.77787756
0.84300221 0.08383081
0.05441184 0.83898464
-1.11838328 0.89222264
1.57160696 -1.08620174
0.16625764 0.90097051
0.80360992 0.12160236
-1.24009864 1.11564565
1.53218550 -1.32034575
-0.90075180 -1.75912002
1.31986774 -1.13948019
0.03735124 0.72751825
1.15396067 -0.19951641
1.15938817 -1.21545744
0.67062803 0.19071340
-1.25691227 1.26184798
0.21308276 1.04729129
-0.90854315 0.58567765
-0.93131319 0.90046378
0.16029447 0.75554676
1.08671510 -0.17854487
0.11426439 0.85304300
-0.66279444 -1.68204983
0.56556971 0.26469124
-0.95579508 0.77006191
1.38472900 -1.38128122
-1.14098702 0.71940997
-0.75895497 -1.45785556
1.09763076 -0.26448946
1.19371548 -0.39612161
-0.21832027 1.00747110
-0.91206002 -1.73315928
1.63022807 -1.13611308
1.64360611 -1.39693521
0.66250539 0.34689836
1.16106775 -1.53588156
-0.96811917 0.61171845
1.58882673 -1.32192698
-1.27129948 0.82741224
-0.32690022 0.99397426
-1.12630963 1.37003227
-0.06022217 0.93572020
-1.11264647 0.79075239
-1.32960880 0.59930818
0.48382626 -0.12718810
-0.19087367 1.09081357
-0.55043942 -1.50475045
-1.13221894 0.73840078
1.10563488 -0.25530683
-0.80430733 0.54555754
-0.75823633 -1.56505970
-0.73295320 -1.73418291
-0.99913003 0.69943119
-0.89144339 1.23545876
0.82336061 0.16253026
1.18361387 -0.08346885
0.50234697 0.36310818
0.74344230 0.33047734
-0.27971372 1.12857466
-1.10682530 1.14147788
-1.29997023 1.24697266
-0.03953441 0.78567830
-0.51486034 -1.37513972
0.94962352 -0.19374300
0.38781981 0.19842561
0.67681871 0.19833844
-1.00992165 0.65820690
0.54918451 0.10895161
-1.15117862 1.03830329
-1.24059355 1.02465685
0.49301926 0.29906182
1.57472521 -1.28960328
-1.00882631 0.89086090
-0.60219122 0.82075894
-0.98068622 1.14392554
1.24851420 -0.15610332
1.60788957 -1.29872439
-1.00510337 0.55305260
1.52366697 -1.32644421
-0.75169814 -1.55122876
-1.19054343 1.19175274
1.22209283 -0.03301088
1.14484907 -0.19861360
1.17429796 0.11011773
-1.14357812 1.00281787
-1.57264431 0.94762176
-0.94591846 0.98061591
0.30251294 0.68717623
-0.30486971 0.91644251
0.82814258 -0.10055130
-1.12507220 -1.26703986
0.99581063 -0.01307954
-1.01986973 0.62422665
0.65201422 0.29111367
0.88890325 0.30338152
-1.39103142 1.22460456
0.75440961 0.22605653
1.23921428 -1.42241435
-0.79218764 -1.36104543
0.56487800 0.50340443
0.99831828 0.03916987
-1.11160594 0.97493422
-0.81178872 -1.60355514
-0.74183658 -1.73824565
1.17881679 -0.16484138
1.37313635 -1.49854662
1.12809621 -0.01062716
0.54072145 0.16952834
-1.41763462 0.58874394
0.96544371 -0.41884221
-0.73897233 -1.14677517
1.38512471 -1.17762224
1.28503026 -1.29009986
-0.97704965 0.78257726
0.77879946 0.36563301
-1.14344752 1.07241276
1.04918940 0.02118151
-1.26400991 0.89189601
-1.08581976 -1.73869390
-0.15124400 1.15568950
0.77388462 0.13668467
0.91275513 0.40716528
-0.01844316 0.70369424
-1.07836580 0.91666079
-0.70773379 -1.50041920
-0.71873732 -1.23845893
1.00484114 -1.40263393
-1.17307185 1.07414307
-1.26603689 0.98581605
0.66029621 0.30157177
-1.16039698 1.00571639
-0.63559459 -1.56520532
1.26937705 -1.46091839
1.19482007 0.08410932
-0.77440581 -1.61160239
-0.29873058 0.83447774
1.39448122 -1.20629132
-0.03360733 1.03801466
-0.74436853 -1.38016035
1.18786381 -1.37047772
1.14942505 -0.28175308
0.73464317 0.40270941
0.55454489 0.37881926
-1.14476358 0.86794150
0.16426367 0.94732616
-0.84536346 0.58091906
-0.94720255 -1.55583650
-1.10445911 1.10435945
-0.24737773 1.05816500
1.22249586 -1.21163546
-0.63369733 -1.33437997
-1.13159536 0.96868721
-0.91794583 0.43943197
-0.08612239 1.14215215
-0.92935816 0.70904601
-1.03335597 0.63558136
-0.69490538 -1.36461468
-0.93410126 0.63032270
1.39939014 -1.28635078
1.31481072 -1.22063113
-1.31320794 1.13688129
-1.17932840 0.82895522
0.91238347 0.29449478
-0.85448086 -1.58055965
-0.67081194 -1.62504332
-0.96887880 -1.47529539
-1.11242916 0.75371443
1.09058356 -0.12535138
1.51351512 -1.82331172
1.31724481 -1.36317655
1.46387246 -1.31604993
-0.82607515 -1.57912362
-1.34385457 0.74813548
-0.91040963 0.47374805
-1.08332820 1.03161594
-0.27581653 0.77383671
-0.96690097 -1.25819422
0.15402871 0.76093698
0.75166352 0.33432492
0.10196306 1.15011901
-0.02864099 0.88442013
-0.88563641 -1.75883472
0.72676849 0.60911172
-1.33231632 0.91729265
-0.79411383 -1.42895309
-1.25484233 0.97212245
0.27471450 1.08357422
-1.16204662 0.94072217
-1.11761103 1.34505302
0.49005521 0.16563761
-1.17003500 1.12148029
1.17184029 -1.23685000
0.24762392 0.36208575
0.63533212 0.48528950
1.28782837 -1.40611382
-0.06340054 0.75730815
-0.90213624 -1.51903376
-0.62577634 -1.56981510
-1.40171288 0.58096423
-0.03499641 0.67988357
1.05428339 0.04134163
-0.06491809 0.80196547
1.08632617 -0.11420253
0.00266352 0.97156589
-0.79817979 -1.43753459
-0.11435455 0.86365290
1.34231292 -0.11446446
-0.86062856 0.84989564
-0.82366379 -1.42556361
1.36445692 0.00692885
-1.18100073 1.00291957
-0.66854524 -1.71483805
-0.97934587 0.26370021
-0.92498681 0.90327445
-1.35341637 0.60549254
-1.09249676 0.51181509
-0.75712326 -1.74753215
0.66100096 0.30581939
0.65904779 0.06610272
1.12324691 -1.60836720
-1.10916724 0.90100792
0.62746592 0.17014037
1.15016557 -0.22851912
-0.86085980 -1.67058811
-1.17766080 0.41568678
0.08247566 1.04852734
-0.94496655 -1.36891577
-0.13824584 0.75116423
0.66870537 0.09460611
-0.75564703 -1.65561747
-0.11552372 0.78535429
0.76669558 0.27959147
-1.00601875 0.74472357
1.68390787 -1.23969138
-0.92159672 -1.46118938
-1.00522453 0.54819935
-1.14819826 0.90981781
0.87474835 0.15746008
1.21664797 -1.27858786
-1.04281332 0.78330376
-1.17450686 1.02055923
1.12814945 -1.15731228
-0.23310972 1.10784853
-1.14349763 0.95952727
-0.22411182 1.22874811
1.34109353 -1.37409794
-0.99131030 0.77751018
0.75614482 0.47208589
-0.52663139 -1.61692083
-0.67028956 -1.46549258
1.07896954 -0.32472390
0.01059427 1.03017547
0.57271428 -0.00308115
-0.02667384 0.86989476
-1.26246454 0.70758750
1.13376978 -0.14075900
-0.73951021 -1.48289517
0.99134566 0.23564956
-0.22533411 0.97367429
1.12961905 -0.21313950
-1.38985244 0.96395309
-0.41171623 -1.59340542
-0.14985759 0.90929734
1.34695696 -1.46704454
-1.21273435 1.27811696
1.23062310 -1.34010182
-1.18116466 0.77006435
1.47667033 -1.06598388
0.81076991 0.08177022
1.23930667 -1.13369642
-0.68480638 -1.78475696
-0.21924143 0.85381514
-0.70806425 -1.48302112
-0.38684138 0.97890609
0.75307592 -0.14692117
0.94343555 -0.05483568
1.40792406 -1.31205102
-0.85008261 0.70472862
0.59131169 0.07378370
-1.21514706 1.00056946
-0.98570602 0.70235669
-0.32180452 0.90636470
1.30230851 -0.12946828
1.41145174 -1.39029002
-0.69353082 0.63101472
-0.10065966 1.04714376
-1.20715504 1.30143764
-1.26116665 0.90915791
-1.42186285 1.11441436
1.04116405 0.27634551
0.69107197 -0.01004042
-0.26181962 1.04265029
-1.06845731 0.88109745
0.66517973 0.00610566
-1.19969867 1.25277019
-0.87994102 0.81795921
-0.08023032 1.23107929
0.83992085 0.06969444
-0.75301621 -1.77612264
-0.68301976 -1.17603250
-1.20418883 0.76368234
0.69476644 0.16502083
1.44289313 -1.52017700
0.50251583 0.03910949
-0.89127708 0.87476488
-0.77698534 -1.36248928
1.33436736 -0.12105421
1.50581746 -1.35628898
0.04585231 1.01026727
-1.39002001 0.93654008
-1.41912016 1.23218023
-0.70572950 -1.50660768
-0.13020278 0.85595990
-0.79175674 -1.25525748
-0.68308068 -1.38176683
1.44630822 -0.26089950
1.42529343 0.14539660
-1.10768036 0.90349046
-1.00498416 -1.68149302
-1.35847352 0.64729953
0.44413344 0.06002548
1.61046055 -1.24505189
1.24449282 -0.22422713
1.33970472 -1.35959726
-0.91477698 -1.46118102
-0.65201764 -1.52428153
1.40080909 -1.35431944
-1.37428527 1.09535770
1.69897840 -1.00368116
0.85392959 -0.35585772
0.98444443 -0.30420524
-0.88990632 -1.62005585
-0.20604833 0.90358759
0.64538236 0.07075587
-1.00034778 0.92579856
1.24528546 -1.52653662
0.25650099 0.57708891
-0.96209527 -1.43828525
1.12622000 -0.13080136
-0.90446339 -1.57512904
-1.17452126 1.00395788
1.04586060 -0.01907800
-0.82833015 -1.77412556
-0.11749219 1.41421174
0.68964116 0.21449363
-0.12573370 1.10339269
-1.02830205 1.13620514
1.01302776 -0.09602083
-1.19839915 0.98578381
-1.03378110 1.45435663
0.75122276 0.06809873
-1.22318637 1.26776644
-1.27464751 0.79621097
-0.98406689 1.00098311
0.99326671 -0.26972588
-1.09881779 0.73417205
-0.96408902 0.99286922
1.17129700 -0.28772404
0.75784987 -0.29256273
1.33820310 -1.33404244
1.09372084 -0.05387223
-1.19765336 0.83842462
-1.11040038 0.99955792
1.58499836 -1.17874193
-0.23932182 1.03291133
0.95530913 -0.18373161
1.14537984 0.16454624
-0.16066053 1.06445285
1.22478670 -0.48322690
0.78509763 -0.18850636
-0.88780225 -1.53176625
0.69995521 0.43020548
1.10382963 -0.15746943
-1.01222755 0.78610369
-1.15717016 0.78237256
-0.81227823 0.81671241
-0.06697582 0.87983980
1.21141592 -0.03606306
-0.70176589 -1.65092014
1.07952329 0.01857784
0.61546556 0.41175819
-0.74988801 -1.61177532
-0.07227938 1.21347019
0.11500825 0.98472989
-1.34079476 0.36667315
-0.77266057 -1.36703954
-0.84223600 0.78702697
0.56360998 0.16607424
1.34580349 -1.37467822
-0.95661754 0.97150940
-0.06392946 0.81230268
1.47826826 -1.36194450
1.14296521 -0.16752101
0.00946967 1.06453503
0.81789060 -0.04668309
0.56877542 0.05318805
0.67277773 0.25657849
1.43692494 -1.26990513
1.28178489 -0.20715395
-0.15343116 0.99608387
-0.05858885 1.13662297
-0.99611130 -1.74115069
1.22581037 -0.31183766
-1.20905203 0.50546026
0.33884222 0.27329291
0.02116484 1.33026056
-0.40416246 1.01265816
-0.78379117 -1.53972471
-0.08695148 1.03717529
-0.14710522 1.11883373
-0.20344738 0.96492421
0.54869271 0.20517237
-1.49013160 1.22854460
-0.78305765 -1.48081508
-0.74257399 -1.39490891
-0.79139277 -1.62202546
0.19141860 0.75645341
-0.95923653 0.81581363
-0.94249425 0.25613849
0.53262688 0.47378487
0.85833874 0.18888646
1.25359029 -0.22422526
1.09456172 -1.23877490
-1.01265656 1.02523991
1.53493440 -1.27550074
-0.99455922 -1.25779425
1.14251562 -0.15342266
-1.24343884 1.01167284
1.41381632 -1.41888081
1.41705907 -1.48680238
0.97274119 -0.16662504
-1.21622167 1.12572007
1.10590457 -0.01371413
-1.37009725 0.91290449
-1.03999826 0.81771927
-0.92455418 0.55034041
1.24218171 -1.31938998
-1.28773879 1.21650127
1.59207536 -1.35392925
-1.30573814 0.89286445
0.02748455 0.84726225
0.75085701 0.07161797
0.43509947 0.49129102
0.47295755 -0.07157441
0.74388324 -0.21612088
0.40409739 0.28381913
0.07466377 1.03520995
-0.53406997 -1.25128317
-1.19801456 0.80589427
-0.87479175 -1.47264453
-1.11961831 0.94338470
-0.16304160 1.00068758
0.85656915 0.32795356
1.43028693 -1.58830558
-1.31900993 1.07320035
0.86199270 -0.04357537
1.10851434 -1.32350314
0.94714762 -0.35194886
1.14470353 -0.19807302
1.39499249 -1.22880657
-0.00212682 1.10587531
0.87977163 0.30216450
1.41256297 -1.31290571
1.72644486 -1.36692058
1.39593226 -1.65555000
-1.06165335 -1.29349182
-0.14940508 1.15064520
1.57206574 -1.27599091
0.46094837 0.10419641
-1.00559234 -1.41810571
-0.09911262 1.07634705
-0.84186120 -1.59476875
0.56424349 0.18437890
0.61095009 0.17425783
-1.11545014 0.76725261
-0.92209005 1.21512237
0.76034131 0.34926370
1.27988654 -0.09247539
0.68046163 0.20409086
-1.30301764 0.79121678
1.39985469 -1.38406237
-0.03245811 0.97130962
-1.01525279 -1.65917286
0.60406655 0.08100947
1.08773549 -0.27499763
0.70156269 -0.03257388
1.50172021 -1.25505038
-1.26810581 0.67059905
1.45157884 -1.47648201
-0.86457235 0.93387156
-0.04619648 1.04417480
-1.13311604 0.85519506
1.44432581 -1.28726623
1.00338473 -0.25845481
-0.74047042 -1.71427341
0.75306218 0.06054366
-1.30278654 1.07583251
1.75459788 -1.50301467
0.67145012 0.22044402
0.55143837 0.57098619
1.57206763 -1.31180218
1.39548943 -1.34512700
-1.12052365 0.75936947
-1.22374420 0.92857499
1.23158007 -0.18446661
0.27116665 1.14673747
0.93087296 0.37405086
-0.29067292 1.01430750
-0.88984886 -1.34746102
1.12358593 -1.44331199
0.98378174 -0.20999870
-1.09024705 1.13060049
-0.75416872 -1.69095782
0.68388499 0.14595692
-0.22225547 0.75928040
1.10232804 -0.26929693
0.97667953 -1.24987433
1.27831172 -0.00733109
-1.05572620 0.59560824
-1.28351905 0.48692379
-1.33192318 1.20718434
1.15226934 -0.13797865
-1.15604256 1.18721122
1.52076040 -1.27793091
-1.25651877 1.55000876
-1.07107392 0.39156643
-1.17684107 1.31372594
-0.03207831 1.10701463
-0.87395161 -1.65925021
-1.24895297 1.04627975
-1.19541253 1.01328252
1.17600084 0.09566868
-0.82519296 -1.59530441
-0.67950514 -1.54471055
-1.10897192 1.05466483
-0.79250036 -1.42789423
-0.02045498 1.13771653
-0.15242332 0.95368411
1.62296544 -1.49458177
-0.71958116 -1.80573374
0.91588277 -0.15536194
-1.14525547 0.60706531
-0.21228497 0.74302888
-1.26644038 0.37387084
-1.31582673 0.89912160
1.25864218 -1.57595438
1.28533044 -0.19747052
-1.38265840 1.11108563
-0.01626162 0.87329294
-1.39390454 1.33779614
-1.18929182 0.75061583
0.63332247 0.19343636
0.70703502 0.26499487
1.23681437 -1.39136838
-0.96209417 -1.36899326
-1.38970315 1.09178112
0.54651146 0.35584219
-0.83080225 0.64242312
1.42914608 -1.61119295
1.50820060 -1.40413574
0.13190205 0.87095374
0.05946435 1.28371969
1.21586647 -1.45120298
1.53035197 -1.41021189
1.40965748 -0.12720834
0.82044807 0.56434368
1.67939016 -1.21517201
-0.86019891 0.85419698
1.07107850 0.06337718
0.60175835 0.18174662
0.81315259 0.16800697
1.57397525 -1.10126258
1.35492677 -0.35152123
-0.07356390 0.94592978
1.28858330 -1.45570129
-1.21108035 0.63846077
1.67939955 -1.14891374
0.99957572 -0.32264168
-0.58315196 -1.86450070
1.22244893 -1.33465259
-1.08335388 0.60419095
-0.47959822 -1.32267355
0.86340253 0.02230198
1.07143866 -0.16781723
0.63500422 0.09423727
1.38948293 -1.43212567
-0.94065558 -1.11871050
-1.07225998 0.88166103
-1.02549323 1.04732311
-1.02893307 1.28505634
1.36670374 -1.23374299
0.53550665 0.00303159
-0.99878454 0.46531586
0.11169602 1.10227756
-0.50098509 1.11336661
0.60028483 0.24101914
-0.89048708 0.74646539
-1.10950055 0.98486376
-0.71610209 -1.50298606
-0.04198249 0.88798327
1.42396282 -1.08866813
1.59990868 -1.20713890
-1.06037603 1.13785801
-1.24682487 1.11044113
1.57979349 -1.46358946
0.43197214 0.45194843
0.44009920 -0.04171299
0.60400649 0.24327978
-1.37945316 1.21606282
1.77037017 -1.38518191
0.55382550 0.25822702
-0.20024024 0.94557613
-1.06530661 0.62575148
1.01478116 0.11801468
1.10552413 -0.03847412
-0.15173470 0.87956580
1.00334507 -0.22405511
1.52421163 -1.20871682
-0.59891641 -1.64734357
-1.47556178 1.24405144
-0.52884832 -1.61876628
1.14035661 0.10102348
-1.11666537 0.70924985
1.42826978 -1.17316754
1.32602797 0.01923214
-1.48156872 0.96010545
-0.09322825 0.93538796
0.93668386 0.12627593
1.41254416 -1.49706994
-0.72414950 -1.43913312
0.42267406 0.24307052
0.27293784 0.67373319
-0.85681094 -1.58490014
-1.10238480 1.23840134
0.08094918 1.08634329
0.68296593 0.05979490
-1.29655649 1.22596231
-0.83902483 0.53347144
0.69278718 0.43462114
1.37472149 -1.10394661
-0.02617754 1.02448123
1.50733513 -1.34310969
0.84031673 0.28924301
-0.08004888 0.79789120
-0.26984789 0.93009498
0.23274221 1.01077593
1.46702446 -1.41937689
-1.01648850 0.65641250
-1.20655103 1.35124136
1.44773347 -1.19865689
1.05082038 -0.27663149
1.32958869 -1.22924247
-0.73593818 -1.80693581
0.05807325 0.78803566
-0.99396971 1.00782278
-1.10559274 0.53156658
1.46883584 -1.14486669
1.29777941 -0.22655173
-0.87947213 -1.62256973
0.05791181 1.19805063
-0.35527509 0.89399447
1.01032991 -0.20135066
-1.17848247 0.92480495
0.98358739 -0.12528512
1.38024815 -1.46032189
-1.32166022 1.13723223
1.10207340 -0.24011644
-1.11373329 1.19535261
1.08663318 -0.29168204
0.71737313 0.34611199
-1.16138842 1.04011728
-1.19547742 0.98798065
-1.19601866 0.77493108
0.95584271 -0.09417650
-0.82757880 -1.29754225
0.66808285 0.21256566
-1.16402451 0.53769909
1.84745679 -1.59550374
0.00947170 1.59370489
-0.77040745 -1.60916456
-1.31699248 1.44938587
1.26207920 -0.41152934
1.57565995 -1.27789133
-1.17770153 0.74590917
1.06890013 -0.28423505
0.97578927 -0.09888464
-1.32519191 1.11824518
0.67399270 -0.09906921
-0.87714082 0.86168875
-0.38780315 -1.51542176
-0.84526848 -1.54492624
-1.08051252 0.77298951
-1.14718748 0.68403065
-0.76824596 -1.42087878
-0.76707916 0.60592366
1.26585640 -1.31952911
-1.21608085 1.17910299
-0.61711062 -1.61673077
0.88986964 0.30241496
-1.13504490 0.76489896
-1.58091875 1.17825478
1.60022418 -1.36545189
0.63628054 0.25879532
0.47011030 0.26311254
-1.61190038 0.88392561
-1.13381948 0.58863155
1.39078741 -1.25091006
-1.34674804 0.91553975
-1.19461555 0.60870735
-1.16177920 0.65979719
0.01856491 1.16307724
1.30691952 -1.38021072
1.59108201 0.04463779
-1.01711212 1.15064046
1.59613852 -1.04693982
1.14227987 -0.26390003
1.29101055 -1.29279548
-0.95520977 1.10650107
-1.01593290 1.04032768
0.87731524 -0.02666459
1.14273861 -1.48502442
0.82568627 0.09407087
-0.81648877 -1.60559166
-0.88752901 -1.62393557
0.73839393 0.10660375
-1.13318842 0.71761802
0.93584877 0.28041874
1.01644289 -0.03408523
1.07201965 -0.06913213
-0.02934136 1.11420353
-0.10828633 0.90497529
-1.25760397 1.20017445
1.62925619 -1.62078539
0.64911846 0.62285385
-1.06439750 0.96515029
-0.88584335 -1.59734581
0.57454575 0.27610559
0.18386391 0.78693401
0.51053643 0.19117529
0.66904396 0.09198235
0.43722168 -0.04675870
0.86102980 0.23647076
0.65941866 0.34361385
0.81811545 -0.02132187
0.95649401 0.19881311
-1.29092245 0.89776453
1.36651244 -1.47651165
-0.75380405 -1.55878010
-0.79748486 -1.79913720
1.32532164 -1.39046515
-1.40012597 1.11183178
-0.11078432 1.09626586
-0.68948119 -1.58495946
0.93260553 -0.02406879
-0.83000469 -1.69101978
1.45818070 -1.28318486
-0.01613593 1.07198356
-1.19447030 1.22599268
1.20077612 -0.18196941
1.38047449 -1.41266797
1.08843147 0.10175059
-0.97140217 0.79554387
0.68065286 0.00258902
-1.05267763 0.78201673
-1.11918930 1.22992888
1.50010491 -1.13960373
-0.26838352 1.08716144
0.36449381 0.29451944
-0.76745900 -1.51208082
-1.30673240 0.86651031
-1.24872770 0.88950448
1.54719818 -1.23776360
1.47409116 -1.18770498
0.84119841 0.31054960
-0.07659439 0.81547773
-1.31348563 0.85341962
-1.23060953 0.92553071
-1.14428801 0.77094418
-0.23569142 0.89335892
1.28176161 -0.12209645
1.13202185 -0.27611688
0.55870608 0.36105881
-0.01550923 0.88086688
-0.18462375 1.08004910
-1.12377473 1.21982171
-0.85860316 -1.30556290
1.51807699 -1.41588418
1.37679497 -1.49094800
-0.94956952 -1.65758499
1.20210992 -0.19638413
-0.04038606 0.67253151
1.31547311 -1.32646461
1.19135881 -0.03321427
0.46651223 0.30909006
-0.91131763 0.52059264
-1.15346014 0.93317668
-0.93018033 0.55246261
-1.17865782 0.33100260
-0.17220209 0.93687929
0.22941851 1.05820311
-1.04497287 0.65281103
-1.09220149 0.39846590
0.09348717 1.13070123
1.44034509 -0.25440946
-0.87147009 -1.45834317
-0.01554838 1.22686249
-1.24967577 0.84992007
1.09272888 0.13289164
-0.95086628 -1.79816978
-1.39254242 1.05372718
-0.10571982 1.03089858
-0.61803803 -1.77133900
-0.94277812 0.63689641
-1.09779537 0.84516694
-1.18470443 0.88063191
0.44091704 0.17838913
1.35758949 -0.17226531
1.31713599 -1.30001424
-0.48498294 -1.35735859
-1.07744670 0.93806167
-1.00772794 0.82627374
1.04494141 -0.49761502
-1.35493978 1.14669406
0.54372327 0.40991202
-0.25454760 0.79352836
-1.12944055 0.73505086
1.36490934 -1.48346427
0.48562622 0.16386516
1.06909836 -0.86002348
0.81235790 -0.14160048
1.06646999 -1.47128119
-1.15512346 0.74988084
-0.85840625 -1.47610513
-0.65085089 -1.67157696
-0.82370008 0.78429936
1.54607122 -1.63442136
-0.19332646 1.01741336
1.23177481 -0.10374026
0.05954328 0.78962378
-1.04919813 0.78753712
-0.99989812 1.05799052
-0.82984409 -1.71126806
0.96611566 -0.10896203
