-1.03374928 -1.31034173
-0.93966886 -1.22500767
1.38477208 0.09429625
-0.28985748 1.02916331
-0.24889389 0.92929075
-1.08014787 -1.22970096
1.34824596 0.17601984
1.45818165 0.13564616
1.31619932 0.29121898
1.51768455 -0.04221148
-0.12643673 1.09611727
-0.70199146 -1.28003529
-0.15484555 1.06732494
1.45858949 -0.15741219
1.39593666 -0.07836318
1.51903560 0.10434185
-0.35627299 1.10984774
-0.08347895 1.12817261
0.00428884 1.13660137
-0.12862575 1.12558783
1.26317250 0.11848239
-1.00905209 -1.27446070
-1.15500239 -1.15157176
-1.52693398 -1.36368217
1.14250718 -0.00224119
-0.18423696 1.32635642
-0.33914526 1.19179469
-0.33446931 1.25259224
1.30717284 0.29547834
1.32504457 0.21867866
-1.00224264 -1.08874261
-1.38338695 -1.04124649
1.26515290 0.20769242
-0.08863726 1.20448399
-0.43167969 1.21651723
-1.03164336 -1.47814829
-1.21087745 -1.18078331
1.15643877 0.37025753
-0.98701440 -1.06076474
-1.08289779 -1.01163209
0.19025350 1.36476280
1.13670877 0.00870328
-0.29564931 1.09295564
-1.16048576 -1.33246928
0.18347268 1.33130550
-0.54960487 -1.50052734
-0.32908060 1.08461372
-0.17529508 1.27395044
-1.47635070 -1.25317728
1.25589701 -0.17124124
-1.22903485 -1.11178712
-0.01119683 1.20606086
1.35399874 -0.17760428
-1.25032049 -1.20853398
-0.04974395 0.98715380
-1.52976769 -0.79108073
-0.41349346 1.23148277
-0.01979685 1.13463218
-0.39352522 1.26396230
1.61325283 0.14673421
1.14697180 0.13156342
-0.33136570 1.28939781
-1.09743757 -1.41343449
-0.95734343 -1.24099165
-0.34183563 1.17535311
0.24396122 1.25599259
-1.27382268 -1.33763794
1.17120536 0.32329909
1.17879298 -0.20618522
-0.30429316 1.23754806
-0.97153461 -1.34336237
-0.28795142 1.25430041
1.14462987 0.02340738
1.25560264 0.07698666
1.47212425 0.04996359
-1.19082726 -1.41650125
1.41010952 0.36499105
-0.17979889 1.02741445
-0.08702500 1.37946145
-0.39779088 1.23613842
1.01522536 -0.02325041
-0.17781422 1.11337213
-0.41458367 1.13731650
-0.24993259 1.57492660
1.49043752 -0.07425082
-1.01451263 -1.27523534
1.15596873 -0.12673068
-0.83792348 -1.26750994
-0.24745375 0.96832870
-0.14285179 1.14770180
-0.39692609 1.22972641
0.09987560 0.93957626
1.37643296 -0.02827059
1.06438147 -0.03469953
-0.92780719 -1.51785415
1.16414640 0.11688841
-1.15167579 -1.50973350
-0.07532606 1.49394702
0.98166856 -0.03623119
1.10911432 -0.12083431
1.30858210 -0.03280165
-1.25785128 -1.20593378
-1.11819582 -1.55844815
-0.73285340 1.28473043
-0.84225515 -1.03819170
0.94549881 0.19892483
1.56156519 -0.00457545
-0.02884844 0.97091516
1.37158776 0.12252730
-0.29011952 1.32068948
-0.78149939 -1.17432692
1.45874530 0.03830147
1.04860817 0.17683770
1.41826669 -0.08992601
0.30584820 1.17883726
1.32027715 -0.00355614
-1.12610767 -1.22756260
-1.27714655 -1.22117562
1.42590630 0.12566392
-0.26593313 1.10229891
-0.13804502 1.06388792
1.11568115 0.03976898
-1.23028682 -1.29285500
1.26217383 0.18686092
-1.09727695 -1.40557777
-1.06731820 -1.41951904
1.16992315 0.24230233
-1.15524329 -1.38574719
1.28030375 0.08888241
1.04006588 0.14113760
-0.46315058 1.26145838
1.22651742 0.31057068
1.30672313 -0.12146284
-0.95392457 -0.98031871
-0.02686898 1.17029110
-0.70539626 -1.03483955
-0.04423789 1.18528047
1.31630958 0.24275139
1.18118949 0.03541251
1.26014204 0.18583953
-0.31651532 1.28896498
-0.30103417 0.99715615
-0.97790961 -1.25706723
-1.25432771 -1.31784121
-1.34396300 -1.19482927
-0.02559046 0.82105692
1.13958586 0.26444704
-0.20278138 0.98042184
-0.34298361 1.12645208
-0.22189363 1.01300510
-0.17684765 0.85523448
-1.05729502 -1.06933502
1.38175229 0.02601958
-1.20023374 -1.18112183
-0.54694907 1.36605495
1.31355481 0.06789203
-0.29518944 1.17159912
1.37144171 0.11093367
-0.14734982 1.27692814
-1.06294934 -1.54111073
1.33618044 0.14717782
-0.44178944 1.10794603
-0.52939805 1.16643362
0.89376310 0.16033579
0.13906926 0.94045082
-0.43994541 1.25945283
1.64894551 -0.08091147
1.60698694 0.23705205
-0.92771130 -1.15545006
-0.84568871 -1.37118406
1.25188410 0.30283388
-0.01679055 1.18711094
-0.50635992 1.36804260
1.39140105 0.25216925
-0.15176276 0.96864123
-0.96168634 -1.10111724
1.55413578 0.16888419
-1.09865261 -1.30257753
1.30966527 0.03542102
-1.13180542 -1.09743751
-0.11088701 1.44599650
0.99459952 -0.05776128
-0.39877725 1.07251030
1.40404635 -0.15831285
-0.20300987 1.39827646
-0.99116217 -1.15841789
-0.04043987 1.01810730
-1.58893938 -1.13561400
-0.29243521 1.32555522
-0.95282709 -1.34535092
1.26954607 -0.09440720
-0.05414664 1.09774637
1.32142196 0.32382903
0.95109139 0.17532032
-0.19729841 1.38532808
-0.86093729 -1.27861859
1.62452482 0.14937965
1.49752236 -0.07629790
1.29165166 0.07310810
-1.20160997 -1.28460202
-0.29305313 1.05920542
1.69851485 0.06133732
-0.28676780 1.21676221
-0.36930222 0.92750147
1.58760727 0.35722051
-0.33153739 1.24631253
1.38075898 -0.05807034
-0.30444509 1.07105486
-0.14020527 1.15140255
0.94363468 0.15001424
1.57802193 0.21265403
-0.97982076 -1.26978001
-1.30608120 -1.57136718
1.06756999 -0.08603345
1.40532207 0.38998557
-0.10465654 1.27750430
-1.09497801 -1.18220303
-0.19817484 1.02191554
-1.34494711 -1.36133437
1.41345843 0.14283078
-1.10309490 -1.22710794
-1.22034968 -1.13892402
1.59724479 -0.04680163
-0.12245605 1.05315460
-1.12631726 -1.34293232
-0.19945978 1.11495418
-0.25100258 1.00945486
1.19879219 0.02928446
-1.33705954 -1.20279349
-0.35413467 1.12287919
-0.13494287 1.19899131
-1.37315279 -1.51743387
-0.40835530 1.12998478
-1.33360575 -1.08919617
1.23479567 0.08505862
1.10548791 0.33325580
-1.10879268 -1.28937388
1.38307529 -0.06535799
-0.77841974 -1.19312678
1.39190270 0.03535529
-0.84647661 -1.29499691
-1.53307751 -1.38070187
-0.93223243 -1.35502394
1.31044368 -0.06689106
-1.18356390 -1.07492734
0.43567395 1.33023689
1.00775295 0.21605328
-0.17577415 1.25006687
1.34588280 0.02254559
-0.20921353 0.97394942
1.13158768 0.35799447
1.26093718 0.11987733
-1.02376469 -1.24163931
1.29655314 -0.02143831
-0.02430138 0.98637953
1.47457351 0.00719429
-0.19994955 1.17701901
1.19254304 0.05155478
1.27807756 0.10102668
1.22100504 0.02537652
1.12118223 0.04483774
-0.53798220 1.24214847
-1.18740141 -1.51455091
1.31058228 0.19106543
-1.19207930 -1.44192253
-0.88011069 -1.09851756
1.42051573 0.07033749
-0.12625347 1.09559582
0.04615629 1.16940451
-1.07371045 -1.04488545
1.45976043 0.05441020
0.27896694 0.87362582
1.26311025 0.35338687
1.44869585 0.15845400
-0.49884078 1.04903699
-0.75119043 -1.34064008
-0.01734721 1.36632484
-0.89697407 -1.00925301
-0.88759487 -1.38645632
1.16309822 0.24304352
-1.02243111 -1.31592109
1.13329001 0.23433475
-1.06592399 -0.97434942
1.39778955 -0.15737001
0.98534707 -0.16886219
0.22690149 1.42742915
-0.12229777 1.24481220
1.76311532 0.07386855
-0.44930556 0.95721880
-1.22380127 -1.11330728
-1.07637067 -1.51566120
-0.61960133 1.14545850
1.25713294 0.13293630
1.31152099 0.24329503
-1.61553099 -1.12792832
-0.40334889 1.20712300
1.02223176 0.17439066
-0.94371130 -1.32775842
-1.05471942 -1.46901408
-0.17522965 1.08211418
-0.67020469 -1.43941401
-1.13827911 -1.21460107
1.52202350 -0.10224603
-1.02639057 -1.06584140
-0.42252225 0.97621343
1.21750864 -0.17240663
-1.01977272 -1.10716335
1.26205023 -0.13605175
-1.09725327 -1.22793237
-0.98498030 -1.17212494
-0.91539493 -1.35989936
-0.78575655 -1.31220964
-1.28769058 -1.20600441
1.52778289 -0.05408548
-0.73771741 -1.33185591
-1.11237567 -1.30189829
1.51533415 -0.15017914
-0.21915047 1.34831296
-1.18725253 -1.28695859
-1.07493404 -1.49358396
1.04630143 0.03430626
-1.40468094 -1.07774516
-0.88185030 -1.18017967
1.27617903 0.27811940
-0.96487846 -0.95622365
1.26529077 0.41017504
0.03867707 1.27403390
1.19068748 0.10872924
-0.18372764 0.98435189
0.24172393 0.86065863
1.20980410 0.27342467
1.74587312 0.14280517
-1.05565857 -1.32687093
-0.82315431 -1.05739764
-1.20499950 -0.87967891
-0.34542835 1.19217362
-0.86482708 -1.28916500
1.33715974 -0.10858612
-1.29823447 -1.09650369
1.17753746 -0.28787185
-1.14229481 -1.39967254
1.40024341 0.14593622
1.12571912 0.07415132
0.97336341 -0.25346392
-0.38185776 0.94317774
-0.31329541 1.07548199
-0.88666502 -1.37328240
-0.76059904 -1.32003633
-0.29193130 1.24202615
0.06632700 1.06864661
-0.16015211 1.21798779
-0.36565252 1.07344539
-0.41525462 1.23284029
1.09427489 0.18973636
0.00188076 1.22218626
-0.51024019 1.35440660
1.00480487 0.26013755
-0.24605424 1.11739024
-0.35075651 0.94165664
-1.17217032 -1.41177462
1.04255651 0.35055408
1.57305563 0.29365747
1.14237832 0.37528317
1.32278476 0.23290517
-1.13021338 -1.12006904
1.17893261 0.30486210
-0.93475066 -1.08319527
-1.23882611 -1.55610727
-0.87119884 -1.26750381
1.09899334 0.41061513
1.48901094 0.26143222
-0.70248475 1.03725787
-0.06590899 1.50621323
1.22081831 0.13649720
-0.39552619 1.27940767
1.14489047 -0.13236534
-0.17575742 1.30716358
-0.79016896 -1.30276202
1.14216309 0.08666563
-0.38573460 1.14998277
-1.16667376 -1.39905540
1.55370233 0.18184805
-0.97298242 -1.22095593
1.58822147 -0.06994569
1.04860957 0.24367698
-1.12884683 -0.78261776
-0.00077516 1.07088893
-0.73657913 -0.92965338
1.28603744 -0.11345955
-1.30185250 -0.98731873
1.17438067 0.13564852
0.18692137 1.23151954
-1.31180915 -1.23418712
-0.51363368 1.16956418
-0.96100358 -1.19419557
-1.03665304 -1.32322709
-0.95591205 -1.09136783
-0.35775372 1.23115806
1.01968231 0.19167611
-0.14240639 1.02083590
-0.14237352 1.27860328
-1.53735374 -1.14121282
-0.14429897 1.21204569
1.38711797 0.15112011
-0.31713647 1.02700069
-1.05071109 -1.09516469
1.15316212 0.17021017
0.06412190 1.05089820
-0.11099025 1.07290367
-1.29656181 -1.22462559
1.28715746 0.24556154
0.12816068 1.27640371
-1.43703478 -1.39395863
-1.12730198 -1.00908559
-1.13513181 -1.42167618
1.26504481 0.26195710
-0.98145877 -1.10680301
-0.46638299 1.43906563
-1.41606850 -1.13393346
1.41541231 -0.00330973
-0.02709667 1.44905355
-0.02539971 1.02820946
0.19110681 1.18577113
-0.54494936 1.15059085
-0.12558508 1.44590095
-1.02867159 -1.33063481
0.75777107 0.43290320
-1.41224529 -1.35164037
1.40361129 0.06751554
1.20433216 0.40015836
-0.45421318 1.29940016
-0.24030004 1.32705740
-0.94074570 -1.31376956
-0.48589134 1.09477681
-0.89639396 -1.22686791
1.27926851 0.06020415
-1.09582073 -1.31711021
1.12917664 0.42701651
-1.25278538 -1.17165640
-0.18181664 0.94127530
-0.98652278 -1.35219808
-1.00390802 -1.16480378
-1.03706321 -1.19299084
1.43852813 0.16022614
-0.12150859 1.06046044
-0.17099646 1.23772714
1.09960675 0.15474430
-0.49885395 1.33393325
-1.04247120 -0.87303135
-1.45540646 -1.07784646
-1.31542960 -1.05506652
-0.90334688 -1.37290387
0.13102607 1.08093093
-0.43829575 0.84733649
-1.31856808 -1.30361771
-0.15283522 0.85949948
1.29536240 0.16573328
-1.12673573 -1.34004873
1.07017784 0.24375172
-0.19461505 1.12322032
1.79524095 0.06799189
1.14172254 0.35975377
0.24585558 1.04177495
0.12240669 1.17676634
1.26349196 0.35701874
1.59418273 0.00274512
1.19596473 -0.08849176
-0.64947348 -1.36336005
1.55722853 0.22402970
-0.35132695 1.18207401
-1.31554594 -1.33356476
-0.17323172 1.27003372
-0.22806377 1.09382352
-1.19089237 -1.24832093
-1.29674981 -1.34792892
1.27240763 -0.11786905
-0.66890920 -1.43396015
-0.52507220 1.19018702
1.30441651 0.15796012
-0.24070824 1.21367600
-0.76123418 -1.06974520
1.34056207 0.15250281
-0.94636256 -1.33733648
1.21716710 0.05266014
1.41607013 0.15059342
-0.21796532 1.22049406
1.39996267 0.23135555
-1.22379479 -1.12891891
0.02137083 0.89021661
-0.46017553 0.96109842
-0.13892697 1.28553772
1.07767009 0.06064970
-0.07860007 1.33268146
-0.94904147 -1.12472021
-0.36426336 1.19633618
-0.92897132 -1.46251042
1.54042201 0.11288488
1.31822357 -0.15517946
-1.01994047 -1.19597768
-1.57636795 -1.42512368
-0.98662414 -1.31043983
-0.48244578 1.24514619
-1.12934235 -1.06057855
-0.14543215 1.08158409
-0.26451766 1.41423315
1.35214717 0.18161660
-0.24466089 1.02033951
1.00772733 0.35093990
-0.52528482 1.18730844
1.48131750 0.15492499
-0.01703578 1.10924205
-1.20384839 -1.21086505
1.58417172 0.26899433
-0.14971248 1.16100772
-1.13720765 -1.31307945
1.23400101 -0.03936214
-0.89304736 -1.20545478
-0.14604820 0.86659130
-0.18011954 1.05556205
-0.63117739 1.07870824
-0.36144862 1.08237691
-0.19188682 1.41536683
0.05065041 1.09669843
1.61179736 0.23774809
-0.86919358 -1.25578271
-0.07733251 1.12804225
1.25343934 0.25348279
1.62625150 0.11293245
1.21960002 -0.02158088
-0.34233964 1.26297569
-0.02898277 1.25533673
0.89280573 -0.11293744
-0.12049107 1.01539921
-1.41395346 -1.44301559
1.28999476 0.01200697
-0.21147362 1.21123603
-0.28589657 1.17906954
1.59130211 0.07262546
1.48186887 -0.14442701
-0.84804694 -1.16248036
-1.37212292 -1.30512266
-1.18711040 -1.24000967
-1.05905943 -1.42786692
-0.05494303 0.91253987
-1.61068482 -1.31448450
-0.57927738 1.10534529
0.02642065 1.32018191
-0.09294840 1.00963960
-1.21951554 -1.24101134
-0.84146053 -1.18177404
-1.32636455 -1.25416582
-0.37988732 1.23428446
-0.26031088 1.27510955
-0.00795651 1.20934026
-0.40319987 0.90609763
-0.37209499 1.10029401
-1.12002306 -1.12509179
1.38695717 0.33161696
-0.03345914 1.02006070
-0.18631889 1.05946972
-0.25080035 0.98992330
-0.24598146 1.04385578
-0.09862421 1.14794900
-0.61092764 1.18758674
-1.20754001 -1.24254866
-1.09622011 -1.38499127
0.99383366 0.19630295
1.56699372 0.11272515
-0.15504547 1.13701367
-0.86029917 1.00248013
1.28251224 -0.01622302
1.28640926 -0.22279653
-0.99835694 -0.93978861
-1.33177528 -1.54623829
-0.32932534 1.16632870
-0.94892521 -1.32179423
-1.30968694 -1.20528467
-1.13230374 -1.29388761
1.12585613 -0.13264054
0.07203037 1.16229361
-1.13828018 -1.41743541
-1.21398153 -1.06064556
-0.94315470 -1.19185142
-0.29225198 1.19455714
-1.27187270 -1.39717056
-0.31393299 1.27456256
-1.33173505 -1.70985686
1.39608924 -0.07368171
1.47493098 -0.36008601
-0.85128449 -1.21425302
-1.32594684 -1.30036736
-1.38021000 -1.28346652
-1.26153953 -1.25759263
-0.19299749 1.38129066
1.34996447 0.46379251
1.14450397 0.03643714
0.25336477 1.03551464
1.29189248 -0.12126122
0.10738484 1.07985247
1.15704911 0.17943598
1.06489836 0.03970397
0.84337635 0.34202155
1.40207780 0.28587023
0.10487389 1.12456727
-1.08527607 -1.38594004
-0.64667767 -1.29765023
1.04403479 -0.24644464
-0.37521281 0.94768814
-0.89639633 -1.19232424
0.11665945 1.24146816
-0.17790798 1.13528362
-1.20435702 -1.25656821
-0.50721683 1.08505573
-1.36807260 -1.41929662
-0.82437817 -1.52491410
1.55535272 0.16795184
-1.13794633 -1.37013050
-0.39858624 1.13985308
-0.21937776 1.11305165
-0.99244214 -1.40014799
1.12633842 -0.01866353
1.19572456 0.07397146
0.12955587 0.96985250
-0.73925616 1.32594600
-1.00232022 -1.13257341
-1.16674939 -1.24252894
1.60522683 -0.09256976
-1.02558989 -1.30934018
1.47996718 0.45565240
-0.11955856 1.06674886
1.39224168 0.21314228
-0.67898509 -1.24988907
-0.94034244 -1.17668794
-0.22873590 1.22085165
0.05985145 0.84211460
-1.15800552 -1.30910773
0.04181195 1.28010754
1.13714768 -0.10443202
-1.06668459 -1.02239024
1.31301456 -0.22945179
-1.21728450 -1.27642379
1.23488682 0.21776587
-0.28722337 1.29000402
1.61558128 0.01252537
-1.07792460 -1.14039464
-0.20851620 1.30509937
-0.56039770 1.38778938
1.06735735 0.22649671
-1.14083269 -1.32683983
-1.11384142 -1.20231740
1.29596260 0.01703191
1.13926297 -0.11958943
-1.14690200 -1.40700219
-1.23710046 -1.50216983
1.20717355 0.11617943
-1.30013722 -1.26133255
-0.11477951 1.09472496
0.16635027 1.22099396
1.06699559 -0.24652101
-0.02699727 0.97244706
1.13951350 0.00150120
-1.10995786 -1.32732699
-0.00574696 1.45098338
-1.05197933 -1.32475186
1.27406474 0.13581329
1.26625797 0.16713849
-0.54936528 1.07312336
0.15029194 1.29386272
-1.15726202 -1.39245370
-0.36344320 1.47895489
1.40125912 -0.09205908
1.23951525 0.10187439
-1.03057811 -1.38569134
0.13829092 0.94810063
-1.11875345 -1.25901314
-1.18132143 -1.28751833
-1.08757482 -1.38205475
1.57856296 0.21680312
-1.21742153 -1.21549722
-0.14902196 1.35891119
1.30532146 0.05455066
-0.82736940 -1.16784969
1.15567549 0.14034298
0.01068101 1.07089073
1.16272968 0.15748977
-0.35433234 0.96880696
1.20459621 0.14752105
1.32597317 -0.11250505
0.01574723 1.30145145
-0.36774869 1.11181204
-1.11205457 -1.26788019
1.15960478 -0.03630580
-0.19458834 1.16626479
1.22497514 0.08678713
-0.24148558 1.26823499
1.04548894 -0.13746978
1.50584405 -0.18328053
-1.03980827 -1.19926355
-0.13624403 1.47635809
-1.06861208 -1.49063754
-0.23833993 1.08371550
-0.74941767 -1.21042668
0.98744954 -0.02906343
1.02676270 0.13004060
1.28706424 0.06755930
-1.22435030 -0.99936242
1.35837982 0.11442709
-1.02557175 -1.29332645
0.98267464 0.35014229
1.01893635 -0.14118829
-1.28199634 -1.23432132
-0.89187026 -1.19415740
0.23949352 1.31692006
0.04191134 1.03362144
-0.92913044 -1.53806740
-0.89399175 -1.02378073
-0.21761061 1.00082073
1.23229076 0.06283073
-1.04812179 -1.38571859
1.07200223 0.07538314
0.04618560 1.08735777
1.61430443 -0.00195243
1.26903992 0.21086066
-1.11937923 -1.14681007
-0.25090660 1.26877643
-0.27606702 0.93534886
-1.14490588 -1.02636976
1.69582580 -0.02268212
-1.11325641 -1.29657031
-0.30439515 1.03787279
-0.24794774 1.38900453
-1.18900142 -1.27297119
1.17874168 0.11234835
-0.09703061 1.19330878
1.33813317 0.21010213
0.20721161 1.16447356
1.32511471 0.13185630
-0.97681975 -1.31593316
1.08097190 -0.12396084
1.30112882 0.13847014
-1.00988095 -1.37033754
-1.07747416 -1.09314049
-1.33659894 -1.13024677
1.29766791 0.05936826
1.49147285 0.07679003
-0.23510802 1.20518150
-0.12155789 1.39420892
1.30076967 0.03114520
1.45384794 0.17977842
-1.11663959 -1.20662609
1.44128405 0.15287381
0.04284806 1.16064704
-1.22595964 -1.55061852
-1.17986889 -1.37661518
-0.77562249 -0.96408178
-1.11931944 -1.26851636
-1.30790069 -1.43400143
-0.84870500 -1.16085233
-1.18273556 -1.40602540
-0.99751942 -1.37436707
-1.29696083 -1.37437159
-1.05296414 -1.11772760
1.12297233 0.21948791
-0.00004149 1.25866364
1.36051161 0.00592580
-1.21602269 -0.99161187
-0.05582625 1.11165086
-0.09211381 1.29143438
-0.21869693 1.12530209
-1.22337717 -1.20473196
1.15224781 0.10132914
-1.04576610 -1.12819265
1.74168357 0.02720829
-0.49259941 0.94391764
1.48154876 0.11918170
-1.28365432 -1.10474307
-0.17563469 1.04090934
-0.46801375 1.18917769
1.25218218 0.47704822
-0.86133459 -1.12590938
1.25502189 0.17756179
-1.21005455 -1.66686557
-0.17238637 1.26030542
1.46268385 0.00378701
-1.21532479 -1.19909828
-0.09005088 1.74806626
-1.39509573 -1.24273079
-1.22429634 -1.39293772
1.49697755 0.26414340
0.92313683 0.06764338
-1.48013235 -1.23815469
-0.33962254 1.10899155
-0.96438271 -1.32726573
1.38029840 -0.05467567
-0.18331313 1.53564906
-0.35817332 1.14154241
-0.26593865 1.03643510
-1.49770246 -1.15642556
1.15744238 -0.01999697
-0.88713078 -1.33674546
-1.13766130 -1.32416337
-0.18571402 1.03205176
-1.11903577 -1.41974229
1.29370765 0.10565426
-0.38419542 1.39602779
1.78844297 0.00152079
1.43141643 0.14771850
-0.91317546 -1.47652750
-0.04242787 1.25239259
-0.19280733 1.15539456
-0.29392029 1.13070018
-0.29068934 1.08788456
0.04379507 1.19797707
-0.91075326 -1.28266112
-0.06471750 0.90507896
-1.46158008 -1.51293547
-1.12022964 -1.45792554
-1.12527623 -1.38463828
-1.25961380 -1.27127768
-0.13191068 1.38462670
1.27727374 -0.03503213
-0.82588444 -1.27425775
-0.84836012 -0.87488411
1.29755078 -0.02435349
-0.36493528 1.10995103
-0.20237978 1.07600699
1.23440854 -0.03285702
1.42852487 -0.35279195
-1.46115316 -1.35372268
-0.47816052 1.01571333
1.27609159 0.08722593
-1.38268055 -1.53994421
-0.06332652 1.36831124
-1.01652484 -0.98975079
1.25074403 0.12533220
-0.07743814 1.20666481
-0.30919172 0.97595793
-1.09748070 -0.99983011
1.28190109 0.16365339
1.63890801 0.18064538
-0.06148314 1.15058520
1.26256763 0.25134347
1.23118455 0.11591688
1.34860226 0.14841929
-0.13825484 0.98702433
1.48550001 0.00085328
-1.05725530 -1.20320045
-0.70771102 -1.10565023
-0.18098863 1.08606112
1.49295226 0.15524614
-1.02851114 -1.01053691
-0.86608223 -0.97138083
-1.02880361 -1.14605656
1.13218268 0.12532802
-1.31168530 -1.71736120
1.32890269 0.13380683
-1.24408539 -1.47255932
-0.99619522 -1.27621048
1.14201050 0.14318517
0.95110108 0.01722918
-0.09005343 1.23762733
-1.29108098 -1.48166996
0.14164400 1.12101146
-0.97587851 -1.53993717
-1.33665803 -1.24890949
-0.19956294 1.00582170
-0.87528974 -1.23663432
-1.13469976 -1.40078452
-0.82175864 -1.28881145
-0.11690934 1.15408448
-1.09567497 -1.33015630
-1.30651218 -1.18872140
1.31583425 0.00948862
1.32958004 0.45802925
-0.82491110 -1.03204690
1.20926813 0.29298718
0.86146086 0.13986061
-0.52260772 1.06745363
-0.12948878 1.03262032
-0.37806228 1.03436625
-0.22678776 1.24902124
-1.10816946 -1.20160579
-0.83229991 -1.40317768
1.46793227 0.42060912
1.40264404 0.41338301
1.31189501 -0.14904133
-0.98080943 -1.15470651
-0.18135037 1.10017812
1.25582871 0.15705057
1.15100865 -0.07245323
1.47159995 0.03301861
1.49406254 0.17579854
1.27606345 0.08128292
-1.05891228 -1.27029615
-0.12919190 1.13918714
-0.91946596 -1.18718031
-1.40038794 -1.15456880
0.33201473 1.16813564
1.38507218 0.24790057
-0.80630776 -1.30898750
-1.08687236 -1.05486960
-0.06736785 1.02804531
1.19626714 0.25990870
-0.24671474 1.30761089
-0.09744675 1.21009102
-1.25337705 -1.36567345
-0.37690229 1.18258328
-1.42302827 -1.09270311
-0.02640847 1.28344737
-1.20174023 -1.14723055
-0.32824609 0.99374178
1.39002173 0.02775046
1.06882159 0.04833635
1.33234147 -0.03263240
-1.14283382 -1.02504000
-1.64614787 -1.16713210
-0.13556784 1.04987670
1.41548546 0.22893217
1.15854682 0.14369463
-1.16816123 -1.10432014
-1.00780361 -1.30764391
-0.97012734 -1.72027164
1.24747741 -0.05550726
-0.31882709 1.11449019
1.06087667 0.19096647
-0.90450426 -1.39354722
0.95746939 -0.02309797
0.09198532 0.94477568
-0.12752119 1.04465832
-0.35217311 0.88316259
-0.81948683 -1.18572854
-0.02905173 1.36641690
-0.12520320 0.88955915
-0.98645968 -1.24330837
1.16421260 0.29812997
-0.66653923 -1.41131208
-0.75555699 -1.15730960
1.18412370 0.03959936
-0.08916939 1.39339904
-0.19843125 0.99738586
-1.06657499 -1.18645388
-0.40195171 0.97346444
1.28350553 -0.21932107
1.60118311 0.15201072
1.51419074 -0.10499269
1.39493653 0.11120472
1.44266230 -0.01709245
-0.30729157 1.17603988
-0.33510553 1.19458829
1.23601651 0.10510573
1.41948830 0.09061817
-0.12920880 1.10021349
-0.19063767 1.23521380
1.46214960 0.27706506
-0.21042957 1.31249705
-0.93736277 -1.21249249
-0.61358964 1.00497219
-0.54271062 1.39291159
-1.24246977 -1.39462858
-0.58911574 1.15502938
1.23196596 0.01545341
1.26066352 0.15560426
-1.07810193 -1.19188797
1.26691720 0.26435176
-0.89712856 -1.49776454
-0.25206410 0.80717810
-0.94661629 -1.23510906
-0.74867160 1.15078238
-1.17926509 -1.09519399
1.22021943 0.23006112
-0.06972611 1.27488612
-0.84646431 -1.36398194
1.30501294 -0.13344362
-0.12773662 1.30821844
1.39278419 0.18986827
-1.12467456 -1.16813117
1.11946126 0.27164385
-1.27756290 -1.37070588
0.11240108 1.17040985
-0.76124600 -1.13365814
0.99144053 0.19675997
0.01708837 1.08111427
-0.15837114 1.19702921
1.37749441 -0.00502700
-1.03264081 -1.23096530
-0.18248270 0.99432320
0.10189955 1.30573051
-0.31904607 1.44224838
1.01365133 0.30339147
1.30947046 0.08977594
-0.24301769 1.26551472
-0.36785210 1.06745094
1.33340084 -0.17876380
1.05187872 0.03601597
1.50594814 -0.02482062
-0.66911863 -1.08603368
-0.06768518 1.25514054
1.07560652 0.48510052
1.14530173 0.05409388
-1.20711359 -1.30274646
