1.41847056 -0.10411205
1.07137154 -0.34964522
-0.74212633 -2.28150986
1.45333999 -0.02096004
0.71187764 0.25128060
-0.53341792 -1.96699702
-1.31622939 0.79906306
0.72727705 0.13789689
1.24281184 -0.12554775
0.64220392 0.05504054
0.77447972 0.03412306
-0.69341745 -1.34629700
-1.31521486 0.68514273
-0.58527083 -1.87022262
-1.12817246 0.78702465
-0.92898082 -1.73930491
-0.22191615 1.30719983
-1.26118700 0.78159543
0.11454918 0.81542720
0.97174638 0.11586233
1.29124829 -0.61917672
0.00523320 1.09436833
-1.18294908 0.61424488
-0.85964009 -1.69066906
0.07807652 0.88151568
1.05757181 -0.00982347
0.01696323 1.29401099
-1.47905747 0.68011829
0.88829167 0.26486280
-1.49944399 0.41542330
1.24997902 -0.28858770
-1.37940454 1.18650285
0.74263634 0.20085664
-1.50283893 0.78888650
0.15677522 1.19779340
-1.10994424 -1.71012944
1.05018744 0.52122247
0.82576862 0.22539595
1.08824928 0.17085279
-0.16002123 0.98151559
0.60750615 0.38493304
-1.30776749 0.97723715
-0.94651670 0.63619624
-0.71814882 -1.66542953
-1.03992040 0.62625845
-0.85485470 -1.76954490
0.94042760 0.08791962
1.35015017 -0.20682934
-0.43660078 1.06607407
-0.88038046 -1.89216507
1.20789759 -0.46117208
-1.50712912 0.84019089
-0.75068274 -1.76857059
-0.02984945 0.96495931
0.11442198 1.14444764
0.27354443 0.78018589
0.02591548 0.91056224
-0.89577105 -1.68005147
-1.19418183 -1.85346738
-0.19727676 1.01280975
1.33248223 -0.04317866
-1.38984200 1.05701819
-1.01093634 -1.84632041
0.90088356 0.20858598
-1.02328553 -1.45926822
1.22963359 -0.36488474
-1.62877149 0.82393215
-1.27343531 0.88237959
1.49162770 -0.37517267
1.54447124 -0.12851470
-1.41174147 0.89235964
-0.86708564 -1.89819814
1.36589184 -0.08374280
-0.76716811 -1.54270194
-1.24339154 0.67448376
-0.02455368 1.20440122
-1.16765253 0.57127873
1.52405962 -0.24479076
1.12902416 0.09779011
-1.00233596 0.83274242
-0.25068971 1.00792119
1.66403639 -0.25613257
-0.92440560 -1.75181131
-0.67679508 -1.96166002
-1.47111118 1.06198452
1.44043378 -0.17940409
-0.08566677 1.22741450
1.07274844 0.44393529
-0.02558598 0.68160716
-1.34586747 0.69809367
1.09419503 -0.44112086
-1.48648460 0.35336631
1.03274669 -0.17610990
0.95966333 0.37114268
0.56337825 0.16020003
-1.14333163 -1.57246964
-0.41594787 1.02841154
-0.08381082 0.94591525
-0.87669051 -2.13113044
-1.46948704 0.74500383
-0.82037715 -1.84731733
0.65637325 0.21705147
1.29244489 -0.40777607
-0.80652566 -1.86654320
-0.23572317 0.93295302
1.33697194 -0.09157104
-0.06564100 1.25200305
-0.70084364 -1.81560004
0.73248823 0.15888648
-0.20367942 0.97626467
-0.02650119 0.98022221
1.64037941 -0.11678760
-1.03834685 -1.82739322
-0.90156201 -1.65841800
-1.47511518 0.38635406
0.00076117 1.26426314
-1.53764772 0.69434718
-0.86614101 -1.90157045
0.02331430 0.72131413
0.42176743 0.72979461
-0.98577297 -1.49940403
0.38176676 0.89015624
-0.73938842 -1.70251662
-0.92824093 -1.85552161
-1.13495523 -1.52243327
-1.00047764 -1.71104866
-1.27759884 1.04751129
-0.85703023 -1.53158722
0.18243603 1.03491008
1.29693881 -0.26032161
1.38778108 -0.29675628
-1.43111686 0.73349925
1.35967363 -0.36440610
0.71474427 0.32740759
-1.01571234 -1.56748441
1.00789003 0.16113173
1.42123815 -0.28654093
0.81067478 0.00255548
-0.00475298 0.92695456
-1.30823176 0.71113776
-0.62360028 -1.66303538
-0.04709427 0.85580728
1.02052267 -0.11600061
-0.06585621 0.97985148
1.55015403 -0.52311731
1.39507925 -0.37201620
-0.77298294 -1.96404914
1.36800833 -0.12111523
1.32284247 -0.25116914
0.46876535 0.21261701
-1.01951244 1.01024273
-0.88247161 -1.77057854
1.46751190 0.18947095
1.24169789 -0.35230783
0.17848666 1.16607662
1.45980757 -0.26683358
1.17464318 -0.45663394
-0.08605328 1.09625427
-1.24632849 0.70713235
1.29825812 -0.37259043
-0.85339684 0.62697785
1.04679059 0.01386021
-1.22034009 0.79098692
0.40600854 0.70288237
-1.24490232 0.42135490
1.01604550 0.05840299
0.97987310 0.28372207
-1.26821931 0.60535173
-0.13561679 0.91756187
1.21809239 -0.20370933
-0.92631402 -1.91893254
-0.12884050 1.05622133
-0.23264486 1.17229303
-1.22066018 -1.79514796
0.73236489 0.31779855
-0.77858358 -1.84129631
-1.30622651 0.60044563
-1.19948642 -1.64328086
1.42806595 -0.17536289
0.95711023 0.10953287
1.19645865 -0.53127744
-0.00977756 1.10124218
1.25838860 -0.14536758
-1.01437639 0.83246296
1.02465512 0.25044444
0.71095622 0.48885322
1.51349330 0.02764730
-0.60006063 -1.62259915
-1.14355255 0.94161995
-0.02405395 0.94406284
-0.82193902 0.80365262
-0.55204792 1.17845043
1.44751790 0.04284379
0.79276905 0.05994667
1.29514592 0.05388328
-0.03092160 0.84250575
0.74608277 0.15616038
-0.83645501 -1.71860972
0.00010735 1.03532732
1.41583008 -0.37830540
-1.01306826 -1.43926857
-1.09487636 0.59205717
-1.17310243 -2.16660665
-0.61615522 -1.87869110
-1.19465377 0.61890626
0.65480337 0.36694830
0.80533561 0.29362059
0.29937585 1.10471973
0.70533515 0.14933939
1.19441416 -0.43220357
-0.13009679 1.18455095
-1.24107978 0.73463468
-1.16712699 0.86834942
1.04534270 0.17866578
1.42391766 -0.51318638
-0.56500932 -1.85890877
-0.86764480 -1.85369558
-0.81780219 -1.70170594
-0.97504829 0.94962894
0.88868004 0.11420479
-1.08410293 -1.61138556
-0.70134008 -1.83520208
-0.22337355 1.02257360
-0.62026144 -1.61423941
-0.02868402 0.91334719
0.75169872 0.15551287
-0.95415636 -1.70274503
0.93760711 0.28900059
1.24316079 -0.02657870
1.39039849 -0.07576730
0.13126286 1.08744504
1.50568807 -0.60312162
0.01925644 0.88680808
1.42492382 0.11981190
1.33020003 -0.10232833
-1.31623040 0.56442319
-0.13763958 1.04757951
-0.04240929 0.99161465
-1.16385267 0.74753724
1.17799445 -0.08824472
0.93620634 0.20665520
-1.20951083 0.70799310
-1.08444547 -2.15857504
0.41863348 0.04771765
-0.60527533 -1.53369362
-1.20125149 -1.69986089
-0.89975521 -2.03078360
-0.77648159 -1.62683403
-1.36717086 0.53609634
0.80009110 0.34921914
-0.69818605 -2.28994766
-0.78641361 -1.84329860
0.77142727 0.10351337
1.31981563 -0.38107492
1.06726440 0.30015748
-0.20226662 1.40313035
-1.12113116 0.63662112
1.65398265 -0.30249794
0.86476110 -0.35301918
0.20466740 0.92848348
1.22592053 -0.46085372
0.81147010 -0.15790023
1.40797342 -0.43334579
-1.38519489 0.55464052
1.21599787 -0.11118360
-1.27755800 0.56905147
-1.18169524 0.72779296
-1.54831323 0.99960058
-0.75956317 -1.45117454
-0.59091534 -1.95431174
1.50586868 -0.36348643
1.74476366 0.09833310
-1.28830975 0.71256547
1.00559654 -0.06313397
0.08984114 0.74789835
0.66057112 0.05928106
-0.85291311 -1.59195317
-0.13283905 1.22004805
-1.12351558 0.95107401
0.64240372 0.08562957
0.68636598 0.24688240
-0.90586020 -1.78433960
1.20347204 -0.25586423
1.08217470 0.02171751
-0.87149865 -2.01367384
-1.49392524 0.69984814
1.48269084 -0.13352548
1.23885124 -0.14150604
1.29631341 -0.04027333
0.16688150 1.21946089
0.95033835 0.09091218
0.05793728 1.08562091
-1.53862287 0.44874442
0.71553408 0.20931242
1.09137806 -0.09366280
-1.24903904 0.56201283
0.83129985 0.22444224
0.72988714 0.19131614
-0.21970272 0.78334040
1.25793376 0.14379224
-1.40302052 0.78343496
-1.03183339 0.73785779
-0.34447662 1.04522548
0.93605061 0.12899716
1.39436227 -0.03830680
-1.34311527 0.58568528
-1.43294027 0.74933019
0.11435669 1.27294579
-1.12995104 -2.03672558
-1.34762442 0.76423340
-1.19681075 1.17497254
-0.89869257 -1.73633711
0.81927033 0.10946200
0.96377547 0.20933519
0.86746423 -0.00684314
-1.12919208 0.68434440
-0.95440639 -1.41049281
-0.87598207 -1.58933126
1.23288693 -0.19051466
-1.08692068 -1.91353880
1.08967551 -0.11910785
-0.35297381 0.92710344
-0.73265461 -1.68804772
0.90214627 0.12265640
-1.23496862 0.67943005
-0.77283847 -1.95863360
0.64099795 0.37647966
-0.91046064 -1.72841322
-1.36598535 0.56550383
0.00705634 1.17136251
0.11018347 0.87227904
-1.08789257 0.47149801
0.02606535 1.13227281
-0.07287248 1.13714185
1.66801795 -0.03270449
0.83666081 0.03039820
-1.73104003 0.55552935
-1.35832361 0.57762234
-1.03518251 0.83703755
-0.03455395 0.91786761
-1.32054209 1.01834835
1.09604566 0.09823642
1.20555910 0.16416930
-1.03672335 0.75915805
0.69226977 -0.05854355
0.66096535 0.23225849
-0.82956397 -1.70314209
-1.18815190 -1.90011806
0.24116607 0.99317281
1.33829259 -0.30819399
-0.93879624 -1.71549748
-1.40216275 0.91799880
-0.13337860 0.95073805
0.06282150 0.99734348
-0.21501056 1.06028605
0.10169130 1.14104184
-0.08678932 1.15936841
1.22292092 0.10843236
0.11620786 1.36854032
1.40917351 -0.34445830
0.75364580 0.37799473
0.82102842 -0.22169341
1.21911429 -0.40335883
0.91481439 0.17061802
1.52632184 0.01277761
-0.99880463 -1.89653079
-0.86275310 -1.71321518
1.38091427 -0.34567790
-1.25509164 0.99539102
-0.76571611 -1.79529584
-0.67731094 -1.56783566
-1.55939985 0.76652244
-1.02556845 -1.37942315
-1.01341653 -1.70776081
-0.88637715 -1.55166814
1.45669538 -0.24799932
1.37996279 -0.16819482
-0.90938115 -1.52307830
0.18154908 0.88796617
1.16539832 -0.45113136
-0.17971170 0.97515473
0.89142951 0.12911065
1.44515982 -0.34043635
-0.67272175 0.85194174
-1.17253676 0.63989009
-1.08511126 1.12501775
0.86913489 0.40790852
-0.97977733 -2.20640993
-0.95965198 -1.83952177
1.01490287 0.05673842
-0.21783697 1.12009426
0.45212885 0.30716171
-1.74294346 0.89043574
-1.34452370 0.92663664
-0.69852453 -1.86507579
-0.27470383 1.14920917
-1.03993205 0.70606071
-0.24965742 1.11685325
0.62814457 0.21720672
-0.98276637 -1.71647924
0.54427249 0.30930963
1.71006298 0.02584032
1.29799069 -0.27837708
1.46864007 -0.50592446
-0.28356662 0.79958318
-0.97549144 0.82390463
-0.17543470 1.07417350
-0.72874011 -1.89317083
1.35407280 -0.35904164
-1.05356712 -1.69438914
-0.48902865 -1.89963699
0.04276920 1.17009120
-0.20304320 1.07619547
-1.44272438 0.58786567
-0.99239416 -1.52851981
-0.13455456 1.12904988
0.78617930 0.45761097
-1.14054020 -1.62346658
0.81728503 0.17823038
-0.97284282 1.08886514
-0.87302648 0.53899822
0.18559622 0.95012866
0.79543402 0.00031834
1.46743926 -0.04009940
-0.09104631 0.89980532
1.35854711 -0.29656331
0.00660348 1.01993496
1.41922149 -0.21787352
0.14113076 0.93107741
0.49217741 0.39806245
-1.29573970 0.80828856
-1.23799896 0.66918867
1.03069833 0.05630053
-1.27640523 0.60195474
0.36863257 1.21568757
0.11685949 1.17696619
-1.21525982 0.49419019
-0.89514685 -1.56759463
-0.10994305 0.89122103
-0.57864243 -1.69755136
-1.28939730 1.19030681
-1.29913900 0.51758398
-1.16175552 -2.06873889
-0.94751243 0.80819776
-0.14909865 1.05271660
-0.81444564 -1.66330311
-0.71365922 -2.05549347
1.06696786 0.63285041
-0.68485424 -1.57097197
0.02676592 1.30509574
1.48281800 -0.41097984
-0.99917701 -1.66582566
1.41037387 -0.28553352
0.62471649 0.42441440
0.87323564 0.35192772
0.61436258 0.19409524
-0.87172667 -1.78882634
0.93054176 0.02522227
1.15251172 -0.23433648
1.29234428 -0.08519724
1.02376091 0.46060597
-0.30128074 1.06791449
-1.13200010 0.66816202
-0.93695186 0.66342202
1.16031804 0.25343417
-0.31820839 0.95871104
1.56779311 -0.33644540
1.48206797 -0.31156149
0.12596636 1.06552368
1.57362250 -0.20015123
-0.99245684 -1.73818104
-0.97354105 -1.82758944
-0.90106824 -1.69339433
0.78865163 0.02577227
-0.94803042 0.80389201
0.02295272 1.36489338
0.50957290 0.03238216
1.43804395 -0.17249864
1.14814324 -0.50474607
0.81094210 0.18848784
1.15006569 0.11789588
-1.26125752 0.82776995
-0.88457951 -1.75652997
1.19779998 -0.46361121
-0.83581365 -1.34354745
0.24354359 0.94144649
-1.40914064 0.72423348
-0.78133304 -1.69858162
0.71751683 0.23882729
0.68347184 0.06510261
1.27456726 -0.00706896
0.09059521 0.96214625
1.46538161 -0.48977927
-1.22863214 0.89902079
1.11491220 -0.57272127
1.27945646 0.08306789
-0.04087769 1.29015183
-1.31369834 0.99772469
0.14182545 1.14829623
-1.41143374 0.40400681
0.00416023 0.94344963
0.97393261 0.21614021
-0.55654100 -1.70059499
0.86034802 0.27242479
0.71147608 0.35704117
-1.39767603 0.59276224
-1.29170235 0.69807715
1.21832412 -0.29823768
0.89915534 0.13026925
-0.13485821 1.07413747
1.29425004 -0.47791614
-1.21257096 0.87835572
1.23266685 -0.07850381
1.57787782 -0.28425801
-1.13704704 0.90303774
-0.02443747 0.89639686
-1.30470469 0.78406909
-1.15976477 -1.90701893
0.89247908 0.22093374
-0.37830959 0.93366221
0.14592568 1.00709393
-0.19079418 1.05969692
0.13433100 1.09123867
1.40812765 -0.25083860
0.94893269 -0.39036744
0.98723052 -0.43837943
-1.02825587 -1.89498826
1.41671304 -0.31890384
-0.82541516 -1.69698211
-1.01843655 -1.86333019
-1.08643125 -1.82746842
-0.18520901 1.07138020
-0.20435855 0.93403473
1.22333807 -0.20747750
1.24488028 -0.39940907
-1.27024654 0.50210325
1.26029077 -0.26676739
0.01031976 1.17938431
0.23643336 0.77917419
-0.99975492 -1.44508225
-0.84010812 -1.62042952
-1.23937374 0.48408651
-1.16245808 0.42271247
0.86096443 0.51778839
-1.53381262 0.56227012
-0.13503170 1.22567677
0.88569247 0.25760649
1.34822800 0.08437934
-0.31088835 0.86724997
1.36393813 -0.07921192
-1.11804334 0.51228017
-1.33490762 0.68973723
1.15483982 0.30613905
-0.29973663 1.35698623
-0.19345271 0.99122003
-0.14625957 1.12386961
1.50447749 -0.19912561
1.54003223 -0.31411250
-1.10480934 -2.03242398
0.79811182 0.14814486
0.22896234 0.78518891
0.37286287 1.14520634
1.84429162 -0.20161906
-0.21610891 0.88882777
-0.20781432 0.76520601
-0.17189359 1.18384968
-1.20801338 0.88150212
0.89623739 0.10563550
1.37782689 -0.24462827
-0.69161681 -2.04047215
1.23327055 -0.30880131
-0.09244037 0.81243517
-0.75639221 -1.70817076
-0.71404539 -1.71648197
-1.38181006 0.76673313
0.79303893 0.11312169
1.17759534 -0.28009863
1.17280928 0.56949301
0.87416812 0.11244093
1.05468280 0.34246300
1.04241911 -0.10492126
0.08900486 0.97823103
-0.98661635 0.69707799
0.94430209 0.19073888
0.83127743 0.01894106
-0.32456001 0.78419633
0.75307407 0.05244515
1.44190925 -0.38496815
-1.38918118 0.81699677
-0.94193005 -2.07283912
-0.48648249 -1.80244285
0.96030981 0.26346916
-0.97840744 0.84565241
0.47234606 0.19523879
-1.15204252 1.09795547
-0.09478749 1.51415095
-1.16774182 0.92376444
0.69888355 -0.09279715
-0.20644126 0.92710033
-1.00871885 -1.72120491
-0.20037803 0.94436677
-0.85255897 -2.04581002
-0.54292207 -1.66442663
1.38562275 -0.22919490
-0.85380195 -1.65237266
-0.03029094 0.78113965
-1.34318688 0.76675594
0.71764658 0.16834711
0.85002798 0.38037023
1.52447717 0.12558076
0.90466341 0.36414850
1.14326175 -0.24575219
1.57138674 -0.16709833
0.60467201 0.33744548
0.20257947 0.90795202
-1.36274154 0.45207944
1.09083435 0.42171775
0.68257168 0.12043520
1.05505899 0.16580814
1.35547138 -0.01858840
-0.33046974 0.90579897
1.23688352 -0.01389182
-1.54458434 1.04350134
1.40441425 -0.51452772
0.37074447 0.68788184
1.58658996 -0.57876198
0.41458447 0.32475989
-1.47552326 0.82900080
-0.83319895 -1.91114754
0.89443217 0.04194580
-0.62318986 -1.67803204
1.36146406 -0.23962246
-0.74460576 -1.72802948
-1.03918601 0.61792700
0.83265627 0.12128083
0.32281693 1.06397376
1.27811620 -0.27777935
-1.39720113 0.89818065
0.07777606 1.14422068
-1.26563899 0.59792946
0.84112917 0.42464221
-0.93994980 -1.89836307
0.77639118 0.04188119
-0.76530417 -2.05653537
-0.00183399 0.81279671
-0.68252314 -1.78456707
0.65098158 0.24980863
1.15326481 -0.12295307
1.47170257 -0.22192151
-1.08271649 -1.81748244
1.03025731 0.09856666
0.48673607 0.07892732
-0.86821310 -1.68167702
-0.57314699 -1.59917508
0.86917249 0.25305226
1.14945311 0.33349919
-0.84353824 -1.49879099
-1.48042150 0.21746739
1.40091417 0.15493436
-0.28821346 1.19542046
-1.01601807 -2.01173990
-0.00284947 0.68654094
-1.01294624 -1.87599081
0.81559313 0.25407377
1.07310812 -0.11253283
1.09215585 0.15401698
1.23985298 -0.34973153
-0.84848337 -1.53651448
-0.24005190 1.08867373
1.34310396 0.04963034
-1.21229403 1.03512560
-0.23872895 0.81837623
-0.57481357 -1.98048340
-0.92556157 -1.77500192
1.20014346 0.36589889
1.01392572 -0.22191497
-1.18899822 0.85666883
1.06419889 0.24026658
-1.24843910 1.02141360
-0.93486028 -1.77300236
-1.23710971 0.50475670
-0.35550866 1.06575213
1.34823102 -0.15062322
-1.50444746 0.81272213
-0.58799839 -1.78938467
1.50690865 -0.41187552
1.10736540 -0.08600080
0.99929824 0.05247759
-0.79044525 -1.87921345
1.13475559 -0.02584591
-0.20634334 0.97841749
0.02091550 1.20562148
0.82997487 0.13809231
1.38267694 -0.38511272
-0.13078616 1.14324881
-0.85149891 -2.13882928
0.04848100 1.02022092
-0.58237148 -1.92753858
-0.96232920 -1.97576595
0.90964400 0.16972190
1.51378819 -0.26974749
0.84960148 0.32570637
-0.15783230 1.18334899
1.04146917 0.21437578
-0.89839009 -1.46039695
-1.14920341 0.80727464
-1.09381007 0.68276217
1.02148409 0.26563392
1.39738126 -0.43787924
-1.49940590 0.22614844
-1.51376322 0.61155862
-0.84837898 -1.59258205
0.93568109 0.41782268
0.80973996 0.34340879
-0.33840072 0.94746564
0.14364556 1.10609899
0.77661928 0.31277661
0.94249249 0.17603266
1.23715619 -0.42393129
-1.26375022 0.70809932
0.48633184 -0.10525091
-0.89265767 -1.98260896
-0.37602176 1.27252708
-1.16178368 1.02207114
-1.25636872 0.71660778
0.62174478 0.13688902
1.63634732 -0.19898824
0.01409216 1.07926694
0.53142778 -0.02436721
-0.55490606 -1.74275731
0.31157120 0.29477632
1.32387106 -0.39516987
0.82994357 -0.01906317
0.94533404 0.12264245
-0.68350347 -1.95929194
1.19117457 -0.12871438
-1.65935733 0.80024634
1.20879425 -0.17425014
-1.40197203 0.90953455
0.60461605 0.20017580
1.15517782 -0.02575944
-0.42531462 -1.78794665
-1.37489202 0.83779203
0.99964029 0.27158445
0.99048934 -0.13432366
-1.13477126 0.90328481
-0.92547527 -1.62148544
-0.05014170 0.82642458
-0.05035805 1.30980110
-1.39135393 0.68060551
-0.68817862 -1.87241112
-1.44457075 0.65673333
1.33102864 -0.50582559
-0.23397037 1.11482148
0.74442681 0.17234108
0.89839720 0.41194996
-0.87199813 0.94779052
-1.42465127 0.84874169
1.02576967 0.26351332
-1.07886545 0.60025996
-1.30583554 1.03680449
-0.88134032 0.75824171
0.91599653 0.13223150
1.14946430 0.40743403
-1.32952358 0.95475397
-0.10461432 1.16732094
-1.09023925 -1.65248713
-1.14063151 0.64781091
0.01953754 1.01008515
-0.27644988 0.97394526
1.46389760 -0.07812952
0.80476592 0.04316399
1.84171411 -0.22907938
-1.54764436 0.42270433
-0.97845631 -1.52073204
-0.18289417 0.99535317
-0.94225344 -1.81248066
0.99174228 -0.11094086
-0.03864326 1.12116932
-1.25924977 0.82533770
0.09997746 1.06340617
-1.42829684 1.02396696
0.97721027 0.26618088
1.37915408 -0.44824166
-1.37831460 0.80338490
0.26453655 0.81419791
1.36331458 -0.29384304
-1.46610162 0.78746664
0.06744114 1.23392044
-1.27522913 0.83654128
0.77976911 -0.10154685
-0.76794330 -1.97989265
-1.08390158 -1.97292216
0.67923534 0.24989033
-0.11953325 0.77428391
0.95167084 -0.34509853
-1.26678498 0.73248335
-0.08075063 1.08642779
0.05464546 1.18620559
-0.07471711 1.10455511
0.59769924 0.26273609
-0.89691975 -1.57036478
0.74621735 0.21047115
0.81614705 0.14504149
1.39716341 -0.22097599
0.97417286 0.09788296
1.27405351 -0.22216219
-0.19547741 0.97614518
-0.98698704 -1.59310152
-1.07970485 -1.78619456
0.59676742 0.07012208
-0.04746034 1.05384927
1.38311176 -0.23762113
-0.25820646 0.82155627
0.00357692 0.69474480
1.41020034 -0.28493031
0.80138504 0.73958463
1.33182196 -0.42625474
0.83279429 0.10618904
-1.31284023 0.58368502
-0.04577993 0.87442472
-1.30529938 0.65394452
0.12311980 1.00481595
-1.22686506 0.45894237
0.76036358 0.01177252
0.94896747 0.23251262
-0.65992973 -2.04712624
0.03677204 0.93340808
1.20624684 -0.19326985
-1.16808864 0.57520570
-0.66891557 -2.08541811
1.23912755 0.01230759
0.05659636 1.12396130
1.52682770 -0.30335194
-1.56847574 0.95737872
1.15730381 -0.09076626
1.02093706 0.47741173
-0.77392993 -1.74475596
1.94244282 -0.01409945
1.72612002 -0.20585538
-0.94970898 0.65326044
-1.28594453 0.82013179
-1.00285747 -1.67649814
1.39901021 -0.41112962
1.36683018 -0.18551135
-0.72302715 -1.69009774
-0.69191991 -1.73552814
1.81951547 -0.18923936
-0.63617494 -1.74281234
0.63184535 -0.01393957
0.74957540 0.40143929
1.43764992 -0.15308484
-1.27711579 0.87871455
-1.22551231 1.19419278
1.05137589 0.15360800
1.04724141 0.19222482
-1.10518834 0.63098120
-1.43444633 1.11345666
-1.18749479 0.89395310
-0.76409623 -1.42226074
0.52942512 0.33318069
-1.58584817 0.94007529
-0.79603804 -1.73165794
-0.60057292 -1.62739885
0.05659878 1.71443986
0.99183307 0.30829018
1.45659535 -0.15704830
-1.12598890 0.80150227
0.80378020 0.09140966
-0.04699660 0.98205233
0.79858365 0.37539941
-1.38497016 0.83818363
0.42445057 0.06740613
0.94324044 -0.22785210
0.62460634 0.10224612
-1.04204204 0.86123989
-0.64814247 -1.93596457
-1.01578085 -1.87166160
-1.26604271 0.60085720
-0.92109277 -1.75554934
-1.03389421 0.52017605
-0.04238401 1.04140873
0.05743343 1.30415888
-0.05837207 1.09343171
0.01115485 0.92297860
0.63015401 0.25064123
1.10678574 0.13067723
-1.38049836 0.49185208
-0.95171597 -1.73900119
-0.59149690 -1.46016355
-1.38419099 0.27588101
-0.02136176 1.15019545
-1.25973833 0.38474300
-1.39831935 0.51764729
-1.37723909 -1.37261339
-1.48433841 0.67814049
-1.06142072 0.81804440
-1.18742132 0.94465682
-0.02456952 1.13835144
0.79003605 0.11002554
0.85243313 -0.08286498
1.34735640 -0.21635801
1.50656500 -0.13088751
1.03690439 0.37415000
0.82096370 0.25489697
-0.25132501 1.11842364
1.13475427 -0.10316595
1.46995715 0.02994518
1.54609912 -0.30228586
0.34514990 0.12431826
-0.03210040 0.83097089
-1.41488379 0.59080625
0.21006770 1.03681485
0.90773871 0.49997200
1.67222482 -0.05617729
-0.77727754 -1.58168742
-0.78516091 -1.94900467
-0.90441121 -1.71961675
-1.17692962 0.86405607
0.70943239 -0.14884286
0.31885388 1.11689578
-1.42486313 0.49867302
1.33734482 -0.01697727
-0.90634812 1.00701217
0.96701266 0.51088308
0.64777133 -0.06908280
-1.41506599 0.95269391
-0.16022857 1.36066806
-0.84462222 -1.87751195
-0.98243840 0.68614893
-0.90080912 -1.73472344
0.07054118 1.42047333
1.64582127 -0.19163501
1.02865070 -0.20358797
-1.18374210 1.11696762
-0.05738349 1.21057100
0.01952155 0.96500022
0.90450457 0.26140761
-0.44560757 -1.84192349
1.34984852 -0.09089711
0.85107284 -0.10840405
-1.15299471 -1.94021676
-0.06451882 1.10414145
0.11630198 0.81719931
0.84489254 0.47465960
0.18145497 1.17310264
-1.45463655 0.70861472
-0.93936329 -1.60726222
-0.77596790 -1.65375754
-0.97863709 -1.74343300
-0.97858852 -2.11191438
-0.26687731 1.09954103
0.01350040 0.90677035
-0.65770422 -1.92222866
-0.74970990 -1.79203140
-0.17483228 1.14127280
0.23834976 1.20274344
1.48477069 -0.41175967
0.02681260 0.91901368
-1.02184012 0.85314531
0.98142174 -0.27425528
1.31397334 -0.28758372
-1.23331437 0.93722772
-0.03170791 1.46871447
-0.61101514 -1.74299712
-0.87704258 -2.00464882
-1.57563816 0.64053525
-0.40133277 -1.87163893
-1.76812211 0.89932657
1.05046468 0.02963441
1.02148634 0.22567362
1.29981401 -0.08897041
0.85841917 -0.07945654
-0.66101239 -1.99485432
1.24165060 -0.31392264
-1.29827716 0.73669355
-1.29385207 0.57424372
-0.13643787 1.00026739
-0.94973269 -1.53446901
0.87782069 0.04191428
-1.06036944 0.84181953
0.72077405 0.41796054
1.66086148 -0.45615676
0.78428924 0.01729329
-0.76663196 -1.39519446
1.29225340 -0.38518186
1.25546309 -0.36238301
-0.89668686 -1.39890545
0.81034957 0.31828496
-0.18228442 1.15328443
0.37465658 0.89739820
-0.04602272 0.84604865
-0.90790856 -1.58016791
-1.15598585 -1.64578518
1.70364247 -0.01286328
-0.45577454 0.94012283
1.08289024 -0.08064844
-1.39059857 0.70103091
1.33785860 0.10106710
-1.07342613 0.83888192
