1.79731424 -1.28809102
1.40593961 0.01769021
1.28358668 0.02112305
-1.34438150 1.58737351
-1.09837433 0.79015624
1.19209185 0.30513920
1.28316948 0.08562111
-1.03839151 0.99521449
1.96692260 -0.91532028
-1.07610632 1.02418691
-1.43112441 1.18649201
-1.15877223 1.08363357
-0.56359488 -1.29075535
-1.21789669 1.10297687
-0.69356582 -1.30008430
1.84674458 -1.18567706
-0.53828255 -0.13394592
1.14014321 -0.02824255
-0.52211530 -0.25404474
0.94354216 0.16419109
1.48999443 0.06860728
-0.83919161 -1.33198842
-0.52247896 -0.41949944
0.36396711 1.26086430
-1.33936833 1.01325530
-0.56465839 -1.25627120
-1.02081969 1.05831349
1.20820588 0.16593232
-0.62462378 -1.29007094
-1.08776435 1.31231791
-0.62077933 -1.48398515
-0.57343587 -1.12415147
0.75059261 0.02955275
0.92912188 0.48575532
-0.58029532 -1.47552261
1.65317749 -0.92576002
1.43334729 -1.44676832
1.64943665 -1.07852575
-0.95700139 1.07148738
-1.51920502 1.32728201
1.19438249 0.39245260
-0.91730025 -1.06738783
-0.86049359 -1.53725397
-0.40236925 -1.16054374
-0.04563351 1.15609234
-1.29112351 1.19576001
-0.74767688 -1.49132305
-0.60014524 -1.06994592
-1.31867012 1.60441789
-1.17042040 1.24706251
1.01885120 0.26996316
0.18174245 0.99163493
-1.20189863 1.33435141
0.07779682 1.39325032
-1.17660562 0.92112492
-1.16174808 0.79333241
-1.17710629 1.33289111
1.01292772 0.32959730
1.24941181 0.40547512
0.61098769 0.64399645
-0.65342390 -1.27924762
-0.22473882 -0.16483681
-0.88114642 1.10274319
0.82896931 0.23060215
0.71145071 0.70074015
-0.54541325 -1.22389755
-0.62028716 0.90171908
1.11491593 0.23251163
-0.77337732 -1.70521946
1.62329300 -1.17983357
0.08346024 1.30979396
1.81661182 -1.06635843
1.54134009 -0.75407659
-0.94328039 0.98755898
-1.19049656 0.69322088
-0.82075147 -1.18438313
-0.24439695 -0.32466234
1.39583769 0.16680538
-0.60206448 -1.09339341
0.77364237 0.48201516
-0.99242336 0.94997476
0.78642322 0.30628362
-0.17799705 0.97580965
1.02270477 0.60320966
1.54539976 -1.06733752
0.74519867 0.66468454
0.12072769 1.17401739
0.08978997 1.22706080
-0.03898397 0.08883252
1.26812506 -0.09748499
-1.03602851 -1.10184542
-0.57317057 -1.39131315
0.86880439 0.58097899
-0.67809139 -1.34749975
1.10305429 0.40418329
1.37502838 0.20452212
1.65940504 -0.24314212
-0.54588579 -1.03419732
1.52532950 -1.01308800
-1.16704567 1.46772280
1.90209484 -1.06027623
-0.39489795 -0.12982280
-0.10315691 1.10587457
-0.44180162 -1.27155198
-1.15787934 0.95253257
-1.13097977 0.90793307
-0.76707097 -1.48370109
-0.70798232 -1.22014739
1.44395678 0.11580155
-0.51551271 -1.40434853
1.20386003 -0.03681133
-0.83898313 -1.41690703
0.03200234 0.99992236
-0.61375211 -0.99431837
-0.66620667 -1.40549437
0.82513496 0.60093765
-0.30336583 -0.15308135
-0.88082590 -1.26563009
-0.34893443 -0.10046180
1.13135475 0.48394662
-0.87828044 -1.55920075
-0.14749083 1.26082609
-0.30796373 -1.08084255
-1.00105579 1.01398224
-0.46483811 -1.17281962
-0.15709092 -0.12647467
1.14201690 -0.02201309
0.29621464 1.10325116
1.01713369 0.25154876
-0.63857147 -1.30059277
-1.14336133 0.86786243
1.64332542 -1.28018559
0.21815396 1.33353788
-0.51125688 -1.32161202
1.29901302 0.00576769
1.32960963 -0.01355532
1.39810024 -1.41683462
0.01356766 -0.30543861
1.75352299 -0.97406473
-1.36254552 1.22368774
0.66069338 0.40704909
-0.11209664 -0.16681111
-0.04103028 -0.12221665
-1.26357621 0.97773245
-1.03806277 0.99707678
1.60752603 -0.88855664
1.89470974 -1.19374660
-0.79857582 -1.07989982
1.56385569 -0.12966732
-0.35301591 -1.30363361
1.60800838 -1.23249513
1.38938236 -0.92197840
1.15422001 0.09087429
-0.57935971 -1.51899247
0.09808662 0.90549742
1.61432588 -1.15815835
-0.66050367 -1.43547227
1.98942072 -1.13880077
-0.96968571 1.08868104
-0.56355430 -1.03617391
-0.14612935 0.00218090
0.59206762 0.53318447
0.98157644 0.49337673
-0.65311690 -1.04135630
0.98596520 0.51553717
0.14057401 1.53358020
-1.09665743 0.94028796
-1.16888557 1.02198503
0.19796215 1.23781549
-0.40729684 -0.15058477
-0.57942802 -1.03947302
-0.37724085 -0.38700817
1.73176125 -0.99010505
1.00362008 0.33618691
0.04929360 1.01436872
-0.24198789 -0.19186384
-0.00260418 -0.10910720
-1.09908211 1.50527822
-1.31007817 1.03638237
1.65750508 0.23100696
-0.60122558 -1.30853401
-1.06244536 1.12008460
1.11537680 0.14039490
1.37753656 0.31048428
0.18165778 1.48692669
1.54924254 0.07875285
1.45883675 -0.86593641
-1.10475433 1.10384106
-0.43063397 -1.19945446
-1.09458055 1.38215876
1.34486692 -0.05192876
-1.00962174 -1.33187939
-0.71020811 -1.36425062
0.10056158 1.27467810
-0.39659308 -1.12577475
0.76869826 0.35914312
-0.21213046 -0.12332284
-1.00879115 1.32199281
1.75937563 -1.00872469
-0.58154689 -1.32787068
-0.48092342 -1.26479311
1.11464013 0.14705829
-0.12253356 1.43182207
1.49281251 0.07770808
1.59817435 -1.31291573
-0.00030530 1.24232121
-1.03793004 1.20046335
-0.38214746 -1.33391630
-0.49644232 -1.45169337
0.04602577 1.08206931
-0.10383939 -0.63496418
-0.78519153 -1.39852849
1.54029690 0.21937873
-0.62294312 -1.06784236
-1.38901843 0.71369644
-1.16264929 0.98038973
1.43338156 -1.61680152
-1.30839696 0.80085872
0.93676397 0.25214018
-1.00306883 0.85449106
-0.30571398 -0.20107000
-0.61480277 -0.97877879
1.02142663 -0.00994757
-1.14528384 1.14787574
-1.02096193 -1.09652240
-0.11632098 1.21000951
-1.23330123 1.33518038
-0.71950192 -1.40388042
-1.37008303 1.21089165
0.57666879 0.06530964
0.94234762 0.75830019
1.76932402 -1.09993807
-0.31156437 0.05052242
1.53703399 -1.57212476
-1.15763221 0.99939704
-1.17659502 1.17835993
0.77583785 0.44944480
1.57195958 -0.16022169
0.89933232 0.51744742
1.35894866 -0.02257604
-0.42228792 -0.08892194
-0.69365579 -1.31655400
-0.32545389 -0.19079075
-1.33576003 1.03508868
-0.79716348 -1.21455817
1.41735289 0.16394970
-0.92414975 0.99756935
1.40737037 0.00324061
-0.89553119 0.88298398
-0.55892391 -1.10882125
1.62024086 -1.19284901
-0.04436846 1.35858663
0.00989322 1.24977818
-0.83827226 -1.51134158
-1.14560601 1.12674853
-0.61378782 -1.60348041
-0.57874596 -1.29251812
0.84333407 0.09717934
0.76628972 0.23674951
-1.41573849 1.13649834
-1.26627267 1.27365223
1.40242775 -1.31484992
1.09220256 0.55401342
-0.61103266 -1.34834915
-1.15908616 0.99472570
-0.08086299 -0.08582735
1.43099887 0.19622198
1.50063413 -1.05750101
1.66234424 -1.44143972
0.96439397 -0.03791253
-0.67421299 -1.30792245
-1.64457101 1.39501185
-0.67996639 -1.48318524
-0.81471749 0.94820610
-0.68615110 -1.50076783
1.60854339 -1.11559900
1.21428438 -1.02004557
0.55770483 0.34661522
-0.67642993 -1.51832239
1.11827379 0.17597300
1.53254459 -1.08601874
1.01801564 0.40851114
-0.08687909 1.29355369
-0.97704496 0.80168264
-0.50157027 -0.29585813
-0.08017482 1.28276316
-0.76349313 -1.38115024
-1.00784537 1.34335097
-0.81922987 -1.42206669
0.93663400 0.24727518
-0.66712656 -1.03400384
-0.80991084 -1.36009908
-1.32108784 1.14126505
-0.76825788 -1.38284550
-1.07404011 1.09225892
-0.77655191 1.07813053
1.47169924 -0.21242532
-0.54410223 -1.42054367
0.12803080 1.79766214
-1.09411841 1.35797230
0.08925760 1.07210019
-1.23792560 1.08436954
-0.48371033 -0.02563872
1.27587205 0.21872284
1.53195010 -0.87039786
-1.17631251 0.82873252
1.37940834 -1.13136186
-0.05702371 1.20320957
-0.31698902 -0.03082494
0.75166212 0.11444190
1.61660869 -1.09384167
-0.09874809 1.13442238
1.61355053 -1.35499327
-0.96386719 0.86780296
0.60596321 0.55323418
0.84301734 0.21080286
0.10119184 1.42993189
1.93939012 -1.22398111
0.88946365 0.48719222
-1.05067656 0.84353928
-0.69073288 -1.36245274
-0.28879552 -0.18466317
-0.48831633 -0.28900373
1.92942335 -1.09779127
-1.04792127 -1.41284089
0.98965683 0.46967471
-1.01695619 1.30704778
-1.07972241 0.65310685
-0.79715803 1.20228685
0.85197504 0.30643178
1.10033534 0.04436208
-1.10736267 -1.14473480
-0.23600157 -0.28617237
1.85403049 -1.15711246
-0.76567122 -1.22891383
1.55633087 -1.41383864
0.56312962 0.30470704
-0.80201407 -1.18513109
0.08182006 1.24062698
-0.59927600 -1.51888840
-0.13495496 1.09562114
1.56030543 -1.30105840
0.12802863 1.26721155
1.18387398 0.20195591
-0.86671862 0.80526787
1.51252521 -1.45702421
-0.06770767 -0.04799887
-1.03202103 0.67617711
1.55234605 -1.33836287
1.17122382 0.20240570
-0.06891655 -0.44561666
1.84484634 -1.04627337
-0.01785988 -0.15226504
0.77341743 0.74455706
-0.29189608 -0.14451074
0.82163591 0.45328767
-1.18006211 1.03464504
0.55293259 0.53543421
-0.16298261 1.24527383
-1.18838747 -1.16611335
-0.34872089 -1.13452721
0.94186527 0.62578829
-0.13884928 1.23551130
1.51485311 0.07031841
0.22724602 1.35300266
1.38238390 0.03485970
-0.03992880 1.32164166
-1.07437556 1.02524834
0.02459794 1.23978558
1.64677868 0.34584854
0.78435076 0.38343524
-0.77230081 -1.51530976
-0.71181886 -1.47634878
-0.72868708 -1.26681011
-1.28093977 1.03025231
1.78803713 -1.25312400
1.89846841 -1.20356461
-0.95885254 0.66752190
1.16132720 0.03307172
-1.07357788 1.19830292
1.85101748 -1.06801530
-0.99069935 1.05155137
2.01455991 -1.25672036
-1.19952886 1.37978770
0.60345192 0.59904677
1.81171836 -1.28072212
-0.52135237 -1.29909928
-0.71283232 -1.41540288
-1.15176205 1.29768599
-0.00479725 1.06584322
-0.98129671 0.94634438
0.03895876 1.14831924
-0.46080083 -1.32099782
-1.22873078 0.70224087
1.20995629 0.08775203
-1.33884915 1.50698131
0.87218413 0.32501501
-0.53269947 -1.32787415
1.63292901 -0.87893829
-1.24286319 0.79500166
-0.57605519 -1.29935704
0.98758108 0.28206817
-0.02305284 -0.13236595
-0.82245375 -1.71653553
1.59817526 -1.10212931
0.81709173 0.40871548
0.20634194 1.25116511
1.71808012 -1.26815891
0.18016555 0.99004297
-0.09236527 -0.01888179
1.71736669 -0.81654288
-1.10436199 1.10031330
-0.71559938 -1.16568685
-1.25629953 1.01483216
-0.87562455 -1.40061199
-0.08071679 1.22248516
-1.30007272 1.08536653
-0.17002369 1.28989272
-0.72879804 -1.12405301
-0.82607978 -1.21951127
-1.17886265 0.83262163
-1.33016613 1.20198839
-0.63094888 -1.02807107
1.24270345 -0.13125087
1.03387834 -0.15661895
-0.64949248 -0.21326824
-0.79155678 0.83391432
-0.26323202 1.09625823
-0.16085810 -0.08701143
0.97643681 0.31094802
-1.16392510 1.01753231
0.02031572 -0.43194768
-0.25442329 -0.30941306
1.73651474 -1.44022016
1.00831603 -0.02823975
-0.03274277 -0.27437129
-1.08046787 1.01558464
0.08639615 1.31700025
-0.77247308 -1.49501248
0.00446519 1.23349369
1.35085547 -0.08233496
1.49283748 -0.00755528
-0.31956797 -0.09921286
0.78746101 0.47055912
1.76735960 -1.11294390
-0.40511416 -1.27118457
-1.06590365 1.29125083
1.36434397 0.19004591
1.34344374 0.04630605
-0.74801226 -1.37939309
-0.94835788 1.21036204
0.08305283 1.17376050
-0.33125803 -0.40831173
-0.58569647 -1.29355893
1.37124327 -0.95990799
-1.37114919 1.07125390
-1.17514236 1.22235607
-0.06703668 1.47985473
-1.21078270 1.32386800
-1.29584752 1.02896115
-0.79303223 -1.20089708
-0.85672106 0.78719520
0.05327040 1.13808494
1.55776572 0.08535854
-1.17450432 0.85538664
-0.80557127 -1.47453136
1.38998410 -1.44022747
-1.18417500 1.23086823
-0.26132353 -0.04396853
-1.10238885 1.09273994
-0.40862868 -1.25606029
-0.75293286 -1.40733615
0.98928451 0.05815684
-0.23688836 -0.24283135
-0.22019317 1.07122756
-1.19081572 1.22322473
-0.84112649 -1.06374340
-1.16801504 0.93636331
0.36753244 1.21332233
-0.94384075 0.82762209
-1.19447798 0.87765717
0.91583194 -0.01654391
1.39955057 0.28441293
-1.15295846 1.08286333
-1.07352485 0.95418905
1.00956189 0.45256477
1.64769382 -1.11782119
1.12373628 0.34172700
1.05621056 0.35794122
-0.34512309 -0.26646403
-0.44704543 -1.42073420
-0.78398577 -1.07436493
0.03570884 -0.20755572
-0.65834699 -1.40724853
-1.03260640 1.01067627
1.34112778 0.30136803
-0.72672567 -1.10440322
-1.17880102 1.10587621
-0.05446954 1.26712917
-1.07478054 1.39856769
0.81392412 0.64341700
-0.62200311 -1.50692792
0.79629140 0.44917195
-1.01049949 0.71821835
1.29110172 0.14609742
-1.03642665 0.70483680
-1.18720645 0.93274077
1.57129656 -0.15227197
-1.19640793 -1.34814424
-0.14899106 1.26223684
1.54232066 -1.09824683
-0.04671462 1.19859471
1.92791325 -1.23310966
-0.31449471 -0.11040017
-0.80973109 -1.33261973
0.78464170 0.14954477
0.73347480 0.30792963
-1.01693407 -1.25319615
-0.72211585 -1.07318680
-0.50612870 -1.15466528
1.66292455 -0.05492516
-0.71016714 -1.36243063
-1.07033496 1.10577720
-0.22295275 -0.22661420
0.29407571 1.14971899
1.14320025 0.10569561
1.12989112 0.14513165
-0.08456456 1.13353262
-0.98360303 -1.15781296
-0.66822748 -1.37432653
-1.03484310 0.79697394
-1.30561368 1.19852593
-0.66636279 -1.40495248
0.86392564 0.52726668
0.82534448 0.75496645
1.07402902 0.56152331
-0.31567335 1.21520912
1.50999475 -0.02700001
-1.17428233 0.69350688
1.19419843 -0.05898030
0.85587279 0.47260940
-1.10010786 0.84712083
0.14735314 1.04941290
1.32159091 -0.02837350
0.65121618 0.52716385
-0.66590953 0.85933656
-0.55050936 -1.38688603
-1.01985238 1.63417645
-0.57102399 -0.96039928
1.45523456 -1.47288238
-0.08951019 1.21997583
-0.21078600 -0.22955444
-0.68417741 -1.21705296
0.13778507 1.36599226
-0.85865427 -1.62625601
-0.90631420 1.31314718
1.59429536 -0.90513653
-0.26324837 -0.29429420
1.26681335 0.26363061
0.15793711 0.92937909
-0.03042537 0.95308230
-0.77067681 -1.57831940
-1.15706408 -1.46611945
-1.44119004 0.98517788
-1.32694609 1.44295388
0.05547204 1.10560153
1.14838799 0.04875366
-0.82553666 -1.42639676
0.04033666 1.41650717
0.06831571 1.24680204
1.07716035 0.01384014
1.69168011 -0.89006485
-0.42312623 -0.26195484
-1.03325732 0.76154806
-1.15782295 1.14087968
-0.76987084 -1.10058263
1.53857282 -0.16113054
1.05971253 0.44602108
1.02316885 0.24942142
-1.19251495 1.12425472
1.75615088 -1.23800519
-0.63279026 -1.11049985
-0.01082683 -0.17599621
-0.71633575 -1.22046953
0.81295297 0.45895640
-1.03060714 0.90161530
1.14389889 0.39939433
1.45486744 -1.07523504
-0.34593291 -0.21675654
-0.72289998 -1.34335123
1.43663092 0.04157251
-0.77973754 -1.23874182
-0.84107593 -1.24886884
-0.34251939 -0.10316394
0.61548969 0.18198702
0.72064262 0.71870665
-0.51722002 0.03264716
1.46334357 -1.11254684
-0.39798200 0.05632018
-0.62332681 -1.11694910
-0.00096747 1.29901917
-1.18857318 1.33072967
-1.32395521 1.38875318
-0.70965279 -1.06997637
1.34651618 0.36504453
-1.15935654 1.46329645
0.05502246 1.33947396
-1.01753318 0.97011427
-0.65918801 -1.10104631
0.84001443 0.31185153
-1.04751376 0.94085799
0.82258405 0.18732494
-0.06685014 1.13924684
1.57398753 -1.29381514
0.07409429 -0.02535260
-1.30493412 1.21687490
-0.82880863 -1.47677876
0.87315932 0.66523526
-0.96962588 -1.25008091
-0.08381172 -0.13078089
-0.65643268 -1.40639937
-0.29028530 -0.17012740
0.72065663 -0.09576053
1.69143097 -1.03089753
-0.57393356 -1.17471126
-0.09606740 -0.08826339
1.72744751 -1.24512078
-0.39808110 -0.23309652
-0.90212096 -1.60242181
0.09467449 1.12441042
-0.70360918 -1.39896848
-1.24998835 1.44480451
-1.06424640 0.97219940
1.25046698 -0.01134035
-0.91932133 -1.06113936
-1.17250015 1.19302653
1.59908797 -1.20446852
-0.91659569 1.31863055
-0.41601491 -0.02180749
-1.18026725 1.23663457
-0.81050499 -1.40823806
-1.49418328 1.23095561
1.99690022 -1.33575600
-0.25597302 -1.28036987
0.04858620 1.57691716
-0.56189475 -1.13750950
1.66935482 -1.36651654
1.45714810 0.04361891
-1.54672140 1.30600410
-0.66786854 -1.09582664
0.72982870 0.50559380
-0.24679448 -0.27109582
0.91589261 0.45604153
0.04823310 1.00400649
1.08751119 0.63388083
-0.67691451 -1.31070385
1.19011252 -0.12332253
-0.70622467 -1.22421766
-1.30351148 1.29738162
-0.58338340 -0.28208164
-0.36572559 -0.27169376
-1.44346653 1.52452983
-1.63504860 1.61053538
-0.23097827 -0.03902016
-0.03817950 -0.09996402
0.75161842 0.44546352
-0.47461436 -1.35857381
-1.08133959 -1.49967089
1.50811636 -0.04544424
-1.02697993 1.19497338
0.01786487 1.13775190
-1.21285686 0.99187260
-0.16050871 -0.22235357
-0.71685761 -1.47152967
-0.61310420 -0.94439411
-0.88770001 0.99206037
-1.18993387 1.25302731
0.04986097 0.95924109
-0.90651257 -1.36975720
-0.21215064 -0.30793280
1.28468125 -0.07556316
-1.14233581 1.31360818
-1.37163849 0.90447446
-0.81099578 -1.07133741
1.05896406 0.17337092
-0.58299514 -1.37186261
-0.15370978 -0.23005171
-0.66670445 -0.74514564
-0.27491074 -1.42202380
0.65464202 0.36997113
1.99782537 -0.96852146
0.12923498 1.23276883
-0.99615534 0.64649435
-0.25272291 0.08614200
1.63400283 -1.27919963
0.90645749 0.33486869
-0.62453379 -1.37177589
-1.13051757 1.10115995
-0.29812477 -1.31898946
0.83623678 0.43369799
-0.90357292 0.83499705
-0.15518193 0.99554896
0.17999238 1.40105029
0.02135826 0.05389767
-1.02274468 1.07309775
1.41112076 -0.11168772
1.14360694 0.51643812
0.07546210 0.98767990
-0.91165174 1.40700592
0.82140279 0.49041527
-0.04103230 -0.08631870
-1.05211100 -1.39536268
-1.00581140 -1.34899058
1.42880598 0.16700927
1.77369426 -1.24805743
-0.62607796 0.83264199
-1.03010420 1.59775930
-1.22902928 1.12651510
-0.10954026 -0.21477368
-1.06251985 0.92170718
1.36479964 -1.24454121
-1.31610946 1.29090176
0.79944515 0.55501391
-0.17959538 -0.33109579
-0.23548905 -0.06117715
1.12491016 0.05752492
-0.11730911 1.05598165
0.09510654 0.18665012
-0.01520950 0.14328675
-0.74495380 -1.37462347
-1.21388897 1.65641109
-0.22997018 -0.46679643
0.86599755 0.09026316
1.28773637 0.07444528
-1.31188007 1.05213402
-1.31516619 1.40418208
-0.41606524 -0.14512236
1.35390653 0.06178744
-0.02179760 1.05813161
-0.09894588 -0.22655055
0.92092413 0.32348649
-0.68919004 -1.37192066
-0.84755662 -1.30552404
-0.97118818 -1.46308849
-0.16319646 -0.09353006
0.73196969 0.47455567
-0.89819088 -1.35950202
-1.32161538 1.23771869
-0.81799760 -1.43099746
-1.19354593 1.24512988
-0.14164859 -0.17248032
-1.21739875 1.02823651
0.94116788 0.23304233
1.67978836 -0.74716842
-0.52431030 -1.07613184
-0.08577855 -0.22086454
-1.39119744 0.90455382
1.57272044 -0.98752484
0.72032930 0.47750928
0.28309670 0.96287870
0.05409376 0.86982705
-1.12214687 1.43573383
1.13282561 0.44607052
1.67698162 -1.01233327
-1.25629835 1.08429186
1.30664892 0.17217276
-0.01956804 -0.16444567
-0.17805856 -0.09762131
1.49481740 -1.16102792
1.76391608 -1.21972297
-0.89801429 -1.13167895
1.86973558 -1.07212485
1.52086580 -0.99528456
1.84741575 -1.26485111
-0.46918574 -0.98066609
-0.17027825 -0.28729504
-1.40591051 1.29579910
0.44237530 0.88893943
0.94317156 0.39887305
1.86511496 -0.91241814
1.11109577 -0.12591377
1.06657731 0.21280020
-0.98999692 -1.12236637
1.45283438 -0.02466978
-1.17698091 1.20491942
1.53917598 -1.13117259
-1.30230632 0.77103577
1.28349881 -0.09228796
0.95757145 0.40180563
-0.62756318 -0.98313844
1.43919182 0.09610870
-0.58390256 -1.46794433
-0.04239585 1.35353013
-1.26469203 1.21423625
0.41255599 1.28629681
-0.92180214 0.98992877
1.65862267 -1.31508105
1.33590230 -0.03194526
-0.84811889 0.77485569
1.48437477 -1.29185641
-0.52702948 -0.92555772
-0.09692658 1.14796473
1.63296575 -1.30875796
-0.64909063 -1.18056003
-1.20967171 1.29880833
-1.37133033 1.39603675
0.15476939 -0.31389192
-0.20916232 1.11876060
0.00015369 -0.05530480
-0.95563588 1.33519664
0.17623797 1.04111526
1.59519867 0.13132009
-0.29709309 1.18137536
-0.24156340 0.01228804
1.03025761 0.13824456
-0.54555335 -1.29366088
0.25437888 -0.40660484
-0.63783605 -1.49482049
-0.74942913 -1.54325573
-1.03762064 0.88775088
-0.24271930 1.21491991
-0.96429452 1.09311708
-0.48298675 -1.46625999
0.79100197 0.41890018
-0.40065548 -0.20197541
1.24879728 0.24154173
-0.84984839 -1.32261021
0.10123384 1.08309886
-0.12054225 0.96121811
-0.67471704 -1.00980439
-0.61539403 -1.48092321
-0.54956028 -1.43116802
-0.32039692 0.11420816
1.42884595 -1.08985882
1.14262788 0.01592375
1.43831220 -1.19125806
1.34319085 -0.06443870
-0.98402708 1.05440571
-0.55324948 -0.04901262
-0.60575370 -1.04310361
0.73261989 0.71348398
1.20454248 0.10384682
-0.50767488 -1.66891327
-1.20283998 1.37649525
0.74790353 0.46967716
-0.11649175 -0.06532749
0.20470449 1.28907258
-1.02866541 0.84092220
1.90710102 -0.84178846
1.23976218 0.18097587
-0.76486938 -1.46213624
0.85282487 0.30340230
-0.85744756 -1.56546871
-0.61805435 -1.21917503
1.77154913 -0.96557177
-1.40977016 1.34188790
0.95155975 0.47714101
-0.64131345 -1.30395060
-1.30295871 1.03506055
0.86472527 0.58154393
0.95669625 0.42288141
-0.86340807 -1.26461744
0.71581306 0.33775506
-0.74393978 -1.22151046
-0.74759054 -1.08879979
-0.80293935 -1.27957768
-1.38451566 1.19808825
1.86302088 -1.05354505
-0.57719118 -1.22216305
-0.01116527 -0.01730005
1.72349550 -1.04374348
-1.23083329 1.22595428
-0.63154727 -1.36808345
-1.07325273 1.20207717
-0.34186693 -0.31715165
-0.81261663 -1.24262836
0.92455117 0.35575024
-0.67816000 -1.38639194
0.89631262 0.48294861
-0.01700364 1.30616325
-0.19393345 1.21686245
-1.00593680 -1.30719474
1.60122429 -1.29561206
-0.58056396 0.33065549
1.26782291 0.13080060
-0.20730751 -0.29764039
1.84675506 -1.25736663
-0.48834526 -1.16556899
1.19706146 -0.10129324
-0.48190865 -0.34683836
1.58137149 -1.20034109
-0.88723033 0.68097233
-0.81934174 0.82630674
1.57392311 -1.13115209
-0.91995050 1.11202380
-1.10094346 1.25865340
1.30783291 0.14870929
1.32596348 0.06898210
-0.00816299 1.61773457
1.34918161 -0.04309937
-0.53393277 -1.20066879
-0.28374317 -0.18524486
-0.90541840 1.15863131
0.93578205 0.44427505
-0.95243602 1.23633646
1.63506091 -1.06846112
1.26030759 0.16044618
-0.93108668 1.44020049
-1.14067239 1.37899943
-0.95667252 1.33616554
-1.16492252 1.19746998
-1.19666010 1.03817019
1.39897753 -1.19619979
1.48911182 0.19275121
-0.42257393 -1.01073932
-0.96272249 -1.23415337
-0.73105419 -1.42585118
-1.02002867 0.71414578
-0.22626093 -0.09670364
-0.42777439 -0.84102928
-0.10984693 0.94492726
-0.90606320 0.88760491
1.08013642 -0.25698655
-0.59310713 -1.48602082
-0.11046865 -0.15359993
-0.20257688 1.03659745
-0.56027646 -1.14231520
1.30376307 0.16153281
-0.49545065 -1.50920685
-0.45928350 -1.25390314
-0.82603964 1.02003894
-1.47672237 1.31655581
-1.24111615 1.39974091
1.70755007 -1.26397140
-0.35355695 -1.04352986
0.24044163 1.05520764
-1.13059401 1.64263570
-1.01370148 0.64528937
1.69418400 -1.18394111
-1.01468737 -1.11779936
-0.64166793 -1.28651041
-0.02715952 0.01116565
-0.98657230 1.26909284
0.07454853 0.87425927
1.15215730 0.24462698
1.76644231 -1.20518569
0.81524894 0.59213111
-0.23279438 1.19648000
1.24333297 0.22133282
-0.73687545 -1.53190990
1.90471821 -1.07981313
0.03180771 1.43415889
-0.10852356 1.13646369
-0.51769852 -0.95059742
-1.14086186 0.87221342
-0.09294953 -0.13689411
-0.61365875 -1.16481408
-0.79663483 0.75837368
1.30388187 -0.05582471
0.16705618 1.21281244
-0.74203928 -1.25831125
1.30006149 -0.04059754
-1.23575126 1.48340683
-1.25044492 1.46513398
-1.22869951 1.24905361
1.03834167 0.17264369
0.96685712 0.48222035
0.03570797 1.01755145
-0.13218557 1.31062987
0.86297854 0.42200615
1.00392459 -0.04549254
0.09592855 1.34057016
1.66932118 -0.06143091
-1.10944482 0.85743297
-0.41953471 1.31616131
1.53633302 -1.06698573
-0.58045780 -1.69079652
-0.95065516 -1.54526472
-0.60435970 -1.31073617
0.23768654 1.30504543
-1.05309348 1.08625031
1.09174168 0.54970166
-0.55370638 -1.25808958
-0.96546948 0.85989998
1.73231438 -1.03988659
-0.18753389 -1.16165425
-0.21332248 -0.20089445
-0.27583506 -1.33011064
-0.71331470 -1.04891517
-1.22467918 1.26652864
-0.43800064 -1.37908232
1.48271369 -1.22998982
-1.38926662 1.19631152
0.02548731 1.34501652
-1.38995874 1.01780103
0.12456973 -0.17746845
-0.79334281 1.30906410
-0.21710661 -0.12246608
0.92569290 0.05282328
-0.23044520 -0.15562212
