-0.54928845 -1.84879546
1.23153690 -0.53232890
-0.83607095 0.04604899
-0.51642473 -1.76587434
-1.23190896 0.99045330
-0.28094416 -2.14518971
0.96866280 0.05554336
-1.21739533 0.87738443
-0.71484318 -1.87017163
-1.29757501 0.79475815
-1.17290779 0.77389875
-0.79016383 0.97866500
0.96961898 -0.05806064
-0.32981446 -2.04868402
1.14590260 0.04353838
-1.01217746 0.58674837
0.01263985 1.11991550
1.02053912 0.03812423
0.32975150 0.62950840
-0.98698801 0.85541105
1.43876621 -0.80111198
0.22672344 0.90767498
1.09427676 -0.12876163
-0.58840185 -1.86962904
0.29537678 0.69541337
1.21853094 -0.19345075
1.54599113 -0.13497113
-1.17218999 0.49457521
-1.06564237 1.00399778
0.79598682 -0.32703112
1.39987077 -0.47144092
0.90912152 0.44190733
-1.20291952 0.94016935
-1.19460352 0.60304140
0.36954867 1.01081287
-0.82430836 -1.88903539
-0.91305894 1.25964560
-1.12456906 0.96464052
1.24744382 -0.01327619
0.07097454 0.79513560
-1.33027695 1.12373462
0.97663798 0.23322271
-0.67028126 0.45077512
-0.45504924 -1.84445960
1.22907834 -0.11678141
-0.58389171 -1.94828586
-0.99983410 -1.65729701
-0.61367901 -1.95122753
-0.18969600 0.87945929
-0.60794922 -2.07056555
-0.74774914 -2.20486402
-1.19864693 0.65420333
-0.84413519 0.55756395
0.19365877 0.77862530
0.32963162 0.95761523
0.47960126 0.59436494
0.24621606 0.72437928
-0.98087794 0.64583728
-1.26212395 0.47290290
0.03586197 0.82634287
1.47762835 -0.22671332
0.89928444 0.31278221
-0.73099545 -2.02484818
-1.05377477 0.94787723
-0.74263430 -1.63887075
1.38069563 -0.54752610
-1.31329237 0.63798973
-0.97839533 0.69627488
1.62761968 -0.55778546
-0.43053540 -1.87313035
-1.10874604 0.70622722
-0.59541913 -2.07658187
1.50911622 -0.26716482
-0.50124891 -1.72207279
-0.95007969 0.48895633
0.19864992 1.01740234
-0.87869723 0.38603787
-0.44977293 -1.98908354
-0.82208573 -1.64745393
-0.72288977 0.64677555
1.29373374 -0.42026652
1.79011133 -0.43907591
-0.64944201 -1.93060151
-0.77449759 0.36501068
0.82268991 0.31773476
-0.52858856 -1.92387844
0.14105209 1.04035171
-0.89179565 1.18257303
0.19767700 0.49605995
-1.04666115 0.51250068
1.25304756 -0.62355053
-1.17918991 0.16873054
1.19513377 -0.35927544
-0.99837604 1.10998255
-1.37186658 0.89962564
-1.21419869 0.75312037
-0.17023106 0.84190134
0.14280128 0.75963412
-0.96289492 0.19601084
0.82422063 0.00163424
-0.55139733 -2.02584234
-1.28422070 0.95631921
1.43989398 -0.59029833
-0.53834258 -2.04501482
-0.00037298 0.74670788
-0.62609922 -1.83628927
1.46813834 -0.17686242
-0.43873945 -1.99421312
-1.21248390 0.89831573
0.02982759 0.78989926
0.19681443 0.79384582
1.76781511 -0.30011787
-1.11525269 0.49890466
-0.62791239 -1.83746754
0.81891621 -0.35601964
0.22250864 1.07709803
0.75998059 -0.04888174
-0.59452883 -2.07994481
0.24376450 0.53565666
-1.50533186 1.46763859
-1.06570289 0.82598310
1.88981095 -0.53770447
-0.47506712 -1.88144370
-0.65305672 -2.03402383
-0.84788071 -1.70186041
-0.72113834 -1.88995206
1.00507130 0.30330171
-0.94436551 0.79388927
0.39373346 0.84838183
1.44412941 -0.44325332
-0.57821266 -2.04090476
0.86038373 -0.00983840
1.50325569 -0.54704879
-1.22920722 1.06636890
-0.73549673 -1.74678644
1.17170688 -0.02297025
1.56127898 -0.46939984
-1.13879468 0.74241882
0.21731167 0.74072608
-1.01119027 0.52550855
-0.36593918 -1.84207209
1.48561824 -0.57195805
1.18361288 -0.29933306
0.15972313 0.79347612
1.68277955 -0.70531930
1.53662475 -0.55463776
-0.86515267 0.36262819
1.51111097 -0.30443348
1.46854307 -0.43412626
-1.46103729 0.95189706
1.24831243 0.26613664
-0.96834348 0.55556158
1.60489104 0.00529028
1.39206597 -0.53498412
0.39001126 0.97918416
-0.51032917 -2.01106515
1.32886829 -0.63902053
0.14068781 0.90955569
-0.95284770 0.52151426
1.44537283 -0.55521039
1.40487296 -0.11606400
1.20836986 -0.16983283
-0.92835418 0.60513598
0.60444596 0.51727608
1.03588710 -0.32111599
1.17939325 -0.12541374
-0.97932875 1.02280469
1.01391132 -0.13763008
0.09397522 0.73135946
1.36981828 -0.38679824
-0.65124065 -2.09725869
0.10036174 0.86963391
0.00252827 0.98538330
-1.28707926 0.53106038
-1.21260015 1.05678654
-0.51200775 -2.01983804
-1.00930036 0.41512379
-0.90870002 -1.82237242
-0.54024499 -1.91984845
-1.00078229 0.84909916
1.34942893 -0.71345677
0.21257610 0.91452974
1.40779663 -0.32861848
1.25315305 0.08885052
-0.93712262 0.98961946
-1.23277738 1.22736623
1.64822756 -0.15608403
-0.34375355 -1.80174815
1.13140718 0.19770441
0.19912090 0.75778686
-0.55286936 0.61776652
-0.29850255 0.99152360
1.58604711 -0.14092973
-1.15567047 0.79965065
1.44243964 -0.12992090
0.19264828 0.65651176
-1.19967133 0.89559721
-0.56655038 -1.89749212
1.53010480 -0.39293649
1.55618199 -0.56090949
-1.09142814 0.88595158
1.17728349 -0.15088773
-0.88383365 -2.34424506
-0.35892236 -2.05712899
1.08324533 -0.12411318
-1.28570028 1.10579982
-1.14382675 1.03267572
0.50394684 0.91799764
-1.23807512 0.88879515
1.34750203 -0.61465800
0.09917771 0.99760719
-0.94790091 0.54894022
1.10918875 0.12463733
-0.91762500 0.91804011
-0.54415467 -2.25673389
-0.66914180 0.46747662
-0.95436953 0.47267533
-0.90739389 0.62424294
-0.69717170 0.76333750
-1.06527633 0.85375811
-1.15837686 0.71431252
-0.79763075 0.49111748
0.01126628 0.83607961
-0.36279239 -1.79341161
0.19475716 0.72715649
-1.19437841 0.89495149
-1.03590489 0.62320673
-1.01916358 1.02806854
-0.71451430 -1.77147740
1.53221323 -0.25921147
0.34550380 0.90077092
1.64087129 -0.78510146
1.54815243 -0.54104333
1.56475265 -0.06417534
-0.63248161 -1.84701669
0.96866185 -0.17844497
0.09206879 0.86101608
0.18182137 0.80520663
-0.87511594 0.56180696
-0.77593224 -1.83297219
-1.02048378 0.94595180
1.06924286 -0.03527371
-1.15869969 0.16864245
-1.50828555 0.78745559
-0.70709170 0.79178872
-1.26878697 0.62608286
-0.62620952 -2.20879917
-0.86845007 0.69890694
0.92065152 -0.20669316
0.97586066 0.16459488
-0.79465814 0.03763462
-0.87781080 0.48304344
0.94884560 -0.08042862
1.46569034 -0.56367132
-0.89696425 1.03919446
0.03115912 1.21557964
1.15253887 -0.10644752
1.78063589 -0.48531254
1.03681081 -0.53569349
0.41468607 0.74225075
-0.73076289 -2.20454655
-1.13804511 0.58240866
-0.55918179 -2.17711500
-1.08372643 0.36944586
1.36784424 -0.29452943
1.00510980 -0.17382954
1.09545848 -0.01552884
0.74992856 0.25552404
-0.49408141 -1.63079954
-0.33513430 -2.13253965
1.64104151 -0.54613168
1.86619512 -0.08559451
0.99497650 -0.03071405
-0.95508494 0.67691178
0.30646468 0.56216706
-1.28026430 0.79898690
-0.94048521 0.73369095
0.09659318 1.03300572
1.15029161 0.20713222
0.82724355 -0.09826275
-1.25595318 0.98606731
-0.99038675 0.54183873
-0.75192013 -2.00012626
-0.88291159 0.76152764
-0.95800170 0.31314130
0.80118812 -0.04339606
-0.48876216 -1.87812722
-0.71857597 -1.88608561
1.44353998 -0.22381606
0.37907364 1.03242019
-1.00716465 0.83053018
0.27639595 0.89895185
0.75906153 -0.29380253
-1.22846284 0.94860165
1.25039263 -0.27705728
1.03198833 -0.18084863
-1.11935598 0.96368946
-1.21493537 0.93065534
0.01472597 0.59751070
-0.71726230 0.88326340
-1.10052673 0.59760499
1.23670018 -0.00549195
-0.10287087 0.85866859
-1.02063054 0.86850941
-0.57201002 -1.78317293
0.94332342 -0.15724191
0.85866520 0.00594859
0.32957008 1.08575657
-1.20158776 0.29015356
-1.04831704 0.57845676
-0.90617825 0.98805538
-0.62520801 -1.91517028
-1.13069355 0.84902850
-0.99450043 0.94862436
-1.08527180 0.73304630
1.14494163 -0.05885675
-1.03614054 0.91464744
-0.60380383 -1.76857263
-0.72419720 -1.93495815
-0.80260913 -2.09187992
-0.87584224 0.62109333
1.19733307 -0.50085986
-0.46872064 -1.86701498
1.07204556 -0.06133874
-0.94214126 0.49388888
-0.86501651 0.36802871
0.82591864 0.19177972
-0.63629917 -1.90726839
0.92176884 -0.17736733
0.22844171 0.98445537
0.32563691 0.68620238
1.18386556 -0.27111212
0.24635731 0.94547421
0.15311044 0.95032973
-0.31409517 -1.77758618
-1.11430339 0.77018423
0.57771231 -0.18731411
0.92898987 -0.16528246
1.23354371 0.09341241
0.18922487 0.73166436
0.96459818 0.27421975
-0.85316729 -1.64700886
-0.76662433 0.90358388
-0.75529917 0.57339550
-1.25038897 0.68148945
-1.27989275 0.97148401
-0.91847912 0.62281078
-0.89801747 -2.07849645
0.44908531 0.80676046
1.48310449 -0.49099276
-0.66300489 -1.89438852
0.88767238 0.17414885
0.09608467 0.76444353
0.28099923 0.81091955
0.01914823 0.87368734
0.31763321 0.95421889
0.13999411 0.97249457
-0.73358996 -1.63684123
0.33131477 1.18108566
1.54990830 -0.52715638
0.93208692 0.19329057
0.99559366 -0.40473238
1.37078140 -0.58589336
-1.04064525 0.91001469
-0.44764084 -1.73223037
-1.07798497 0.42995907
-0.94975919 0.61276565
-0.58468448 -2.08969054
1.02628388 0.25132617
-0.49988043 -1.97396530
-0.77498377 0.75774149
0.73947965 0.02309310
-1.10320932 0.94563082
-1.09175638 0.61820488
-0.61360098 -1.73101409
1.59469669 -0.43096524
1.52237781 -0.35138234
-0.63528178 -1.70250364
0.39289753 0.70184595
-0.78780383 -2.19485118
0.05241668 0.78879241
-1.06268502 0.86862258
-0.52413437 -2.08446354
-0.41223516 0.66592155
1.10409016 -0.10318762
-0.80090378 0.93823930
1.04093301 0.22312130
-0.70162872 -2.38393782
-1.04108440 0.48680978
1.17831634 -0.12707368
1.32469677 -0.30840493
-1.47671685 1.04617924
0.56649357 0.14666232
0.94199600 0.18276271
-0.79497714 0.46132672
-0.03711145 0.96236354
1.22906737 -0.03720074
-0.01350573 0.93009746
-1.31082566 0.95647403
-1.06286924 0.60951065
-1.38987337 1.04832119
1.83349045 -0.15788599
-0.66283825 -2.02257660
1.60595432 -0.68817419
-0.04546445 0.61370838
1.28980132 0.08031596
0.05644766 0.88753623
-0.46503130 -2.07156851
1.49797702 -0.54169923
-0.77117409 -1.87333879
-0.59753159 0.42686149
0.26210035 0.98318759
0.03042722 0.88955258
0.84944388 -0.15506758
-0.71351983 -1.70793004
0.09497635 0.94226023
-1.16188118 1.19621074
-0.85314442 -1.80261316
-1.13256466 0.91760592
1.29229759 0.34454074
1.38637244 -0.20379934
1.70492425 -0.47789858
-1.15315879 0.74018789
-0.50313646 -1.78496056
0.13598199 0.71365222
1.50219396 -0.47939438
0.22801491 0.83344829
1.55937832 -0.40092309
1.66301647 -0.49689693
-1.43897190 1.13682757
0.98797392 0.06474325
1.04239338 -0.07397040
-0.93142702 0.79601464
1.00619626 -0.14101763
0.56921987 1.02865735
0.33192893 0.99004348
1.06382455 -0.24848295
-0.62186624 -1.74689636
0.11817219 0.70509177
-0.68199074 0.62838598
-0.99343918 1.00334707
0.98477015 -0.22515412
-1.23156283 0.25822914
-0.67121972 0.62229904
0.08126884 0.86613891
-0.90423041 0.66253913
-0.80924128 0.27143779
1.22738652 0.44743858
-0.42366978 -1.75026432
0.24701758 1.11781726
1.61931672 -0.59349321
-0.71991252 -1.84485463
1.55103962 -0.46839522
-1.31405655 1.16310634
-1.07983236 1.09082095
-1.32381490 0.93342672
-0.95821661 0.53736445
1.09880772 -0.15850232
1.30800984 -0.41734034
1.43979916 -0.26861523
-0.93796539 1.19919742
-0.06215964 0.88129460
1.14229512 -0.07499420
1.32612408 -0.07972104
-0.79259189 -1.49224206
-0.07811360 0.77239438
-0.40855502 -2.08048368
-0.48934919 -2.05566886
1.64872433 -0.36282398
1.70489809 -0.38325001
-0.71357890 -1.91700910
-0.69575116 -2.00616922
-0.98587042 0.63253146
-1.15955105 0.76557115
1.31568276 0.06035891
1.55163609 -0.06428556
-1.42257701 0.77216268
1.57711810 -0.35567421
1.30389264 -0.68699907
-1.13854275 0.92783490
1.30570451 -0.06608604
-0.96691802 0.64181688
-0.97033014 0.56957114
1.35069310 -0.64597843
-0.56594592 -1.52347130
0.45132608 0.75517776
-1.10629481 0.53856790
-0.51459906 -1.87751963
-1.22659414 0.97803457
-1.25868085 0.80479227
-0.68491435 -1.75202184
1.61538775 -0.46591436
-0.50507575 -2.23339177
1.05122142 0.15522354
1.27257308 -0.75478552
1.42765265 -0.10081733
0.18326488 1.10291484
-1.01634240 0.81129969
0.35545882 0.96145313
0.87893466 -0.33841591
1.53392456 -0.48455906
-0.98492754 0.95541048
-0.66116059 0.62535080
-1.09197868 1.01153877
0.89234283 0.17239520
0.89190102 -0.15018461
0.99177903 -0.04516213
1.37003668 -0.48106410
1.06922667 -0.05374704
1.40290254 -0.35423411
1.44159530 -0.66024363
1.06635874 0.13461585
1.38355441 -0.26194038
1.70890865 -0.46712325
1.13753849 0.15922933
1.50697182 -0.53148117
0.97952460 0.04059103
-0.87126318 -2.08537816
-1.06169582 0.96019070
-0.13475775 0.74741510
0.35932321 0.82064292
1.35018404 -0.36863456
0.34839546 0.90455401
1.54892260 -0.43379664
1.11614080 -0.57293804
-0.95572332 -2.18213466
-1.10574215 0.43149731
1.55701416 -0.50167288
-0.55614556 -1.87592456
-1.09648765 0.46306747
-0.80214785 -2.00604854
0.04723557 0.88475069
0.02918753 0.74778659
-0.73319681 -1.95187389
1.39506531 -0.58195457
-0.97538998 0.31705448
-0.69836964 -2.01099914
0.23151742 0.99245489
0.44462483 0.59335606
-0.72045719 -1.62472416
-0.56999337 -1.79958454
-0.94629300 0.29908776
1.11358911 -0.31976219
-1.09139773 1.25622106
0.76359509 -0.18059205
0.09452665 1.03861881
-1.06809206 0.99676162
1.49246841 -0.09950952
-0.07121461 0.68118727
1.50727489 -0.26264652
1.15544908 -0.23044320
0.95105896 -0.05347889
-0.81442621 1.04515942
1.24750802 -0.07217075
0.03946606 0.80481310
0.08394462 0.93709434
1.63973034 -0.38222725
1.67323995 -0.49689485
-1.17789223 0.29444322
-1.15063502 0.88760394
0.43758355 0.59935408
0.57320685 0.95837182
1.95999817 -0.38471377
0.01811305 0.70270516
0.02593053 0.57942667
0.05978509 0.99690786
-0.91673650 0.69539984
-1.05815369 0.84521261
-0.58759427 -1.98892150
-0.43004336 -2.21846081
1.38412339 -0.49159840
0.13466811 0.62652468
-0.49109284 -1.88708215
-0.80960524 0.60950794
0.90685437 0.02330321
-1.15541611 0.85267802
1.33165064 -0.46297542
-0.79749037 1.30778211
1.04567673 -0.07152585
-0.90882214 1.08138250
-0.90370920 -1.84960243
0.30567650 0.79186017
1.27931632 -0.04615852
-1.01285370 0.93007968
-1.11937712 0.75875891
1.22411249 -0.64337016
-1.19308217 0.79216997
1.58076106 -0.56755374
0.89990724 0.07342728
-1.02438184 0.25414030
-0.59513188 0.52378575
-0.99776675 1.00260801
1.28705304 0.10200335
-1.45766254 0.93456710
1.12340556 0.35360583
0.13245600 1.32629197
1.10860928 0.17989848
-1.24415562 0.64733096
1.33543699 -0.50086297
-1.08732891 0.60479811
0.03293909 0.75808994
-0.58172804 -2.22378386
-0.28990163 -1.84345948
-0.58024683 -1.97353098
-0.58289952 -1.83143898
0.19324267 0.59531606
0.94325593 0.02332596
-1.22647185 0.90775009
-1.10170511 1.11918447
1.65857963 -0.05842250
-1.05021233 1.10300779
1.29929194 -0.42872435
1.70279094 -0.35028889
-1.33294806 1.07637892
0.41271824 0.72177631
0.92482606 -0.29047677
-0.87475006 1.16041719
-1.25952922 0.85997122
-0.90846759 0.90521817
1.49929515 -0.20219134
-0.08966968 0.71962923
1.38752853 -0.19750781
-1.23394771 0.85694923
-0.56253624 -2.25807150
0.57121029 0.50231721
1.71711966 -0.76080946
-1.51210165 1.06372855
0.81853161 0.08539797
-0.92190502 0.41538291
1.06477518 -0.14182522
-0.72397577 0.64785110
1.50494313 -0.42261164
-0.83840776 0.59799249
1.22977049 -0.12508973
-1.11807758 0.86081450
0.52603957 0.87736481
1.42638949 -0.46066258
0.89234861 0.15438573
0.29509359 0.95738891
-0.97104746 0.41261460
1.01453820 0.23980852
-0.66409209 -2.07674634
-1.17110627 0.78163534
-0.85791558 0.27039878
0.22006276 0.62688522
-0.77989617 0.54161189
0.83532800 0.06546042
1.30871962 -0.30626622
1.60884066 -0.40495984
-1.15707017 0.50878792
-0.93184267 0.83816341
-1.44410026 0.81857859
-0.95490514 0.64421624
-0.67681139 0.72648909
-1.08366179 0.99222004
-0.81950308 1.07244359
-0.57322618 -1.67828377
0.81391512 -0.52443736
1.54212404 -0.02915041
-0.04984401 1.00844651
-1.09420827 0.31506986
0.21910569 0.50098003
-0.73288974 -2.05443620
-1.13415924 0.99323871
1.23317359 -0.29587491
1.25112568 -0.03006524
-0.71763185 -2.09373291
-0.93631027 0.78897570
-0.00445272 0.90199620
1.48763911 -0.13416203
1.06661975 0.29095042
-0.00320587 0.63244924
-0.67838212 0.34623958
-1.00895489 0.55115048
1.35290178 0.18122832
1.17739539 -0.40495332
1.08857557 0.11298918
-0.89985343 0.97946986
1.03255376 0.27727649
-0.65929533 -1.95173372
1.04323148 -0.23794578
-0.11326835 0.87913825
-0.61548777 -1.89517748
0.79127115 0.06916450
-0.33238513 -1.96807054
1.64202166 -0.59438640
-0.84249866 -1.83073450
1.16360930 -0.13132268
-0.88161053 0.44722832
-0.81668398 -1.77074665
0.02731690 0.79204611
0.24150368 1.01861921
-1.12060475 0.87757930
-0.58302320 -2.12901586
1.40674037 -0.28531467
-0.58072895 -2.31654483
0.26748360 0.83373346
-0.68550529 0.39903738
-1.04360762 0.35094393
-1.04551823 0.90912107
1.64850549 -0.45265302
1.02252318 0.14114740
0.07303756 0.99640856
-0.92127572 0.95365095
-0.62492292 -1.63999634
-0.86130932 0.62137848
-0.80910223 0.49721175
-0.94011125 1.00476676
-0.56916468 -2.18163586
0.79602272 -0.51578041
-1.20489944 0.42620591
-0.93621188 0.73306381
-1.02097881 1.15653293
-1.13967574 1.08232567
-0.09714446 0.76118020
0.35717424 0.91937307
-1.17089130 1.05177855
-1.01455921 0.91541430
1.38778552 -0.60640869
-0.96926733 0.52247854
-1.44448123 0.63491179
-0.61952024 -2.16075829
1.17561085 -0.15639538
-0.87316597 0.83557854
-0.96231042 0.53096338
-1.31685732 0.87637936
1.76401495 -0.38209025
0.23507282 0.89261553
-1.40197924 0.71557090
-0.65961969 0.58330555
-1.60918954 1.03382824
1.46951250 -0.57772713
1.00399600 -0.20266479
-1.01188111 0.86217234
-0.42239670 -2.13750603
1.34444879 -0.31201153
-1.34211889 0.61436970
1.36105498 -0.35742084
-1.09953855 0.72335443
-1.33300080 0.93949040
-0.79743644 -1.77066042
-0.53748243 0.53824169
0.91337449 0.09416479
1.16393166 0.08717577
-0.96932316 0.60591977
-0.84770732 0.71712205
-1.00887355 0.70424068
0.17453374 0.64047525
0.17432983 1.12250954
-1.08953121 0.49506107
-0.42680293 -2.05086644
0.84770372 -0.08639115
-0.63170066 -2.24939353
0.00127899 0.92807133
-1.20123203 0.91173298
-1.05611811 1.15067652
1.38734164 0.20385784
0.86647741 0.10508405
-0.93607218 1.00265204
1.19237343 -0.14270771
0.97845880 0.29262465
1.37853681 0.01483536
-1.03953110 0.87173477
-0.81949254 1.14617313
-1.03125737 0.76844830
0.12319441 0.98042502
-0.80573681 -1.83155313
1.13416020 -0.09528879
0.24020499 0.82362584
-0.03875707 0.78758630
1.60148464 -0.26156713
-1.14436367 0.78291458
-0.15039011 -1.97341579
0.75055895 -0.31977031
-0.70038369 -1.70016389
1.35762963 -0.43279964
-1.02468663 0.51377581
-0.96814229 0.62923763
1.49358315 -0.30733285
1.02236493 0.08174504
0.31601795 0.87679880
-1.12434914 0.83746910
-0.98183841 1.00531220
-0.58634343 -2.19196950
0.91014878 0.05985321
0.47111151 0.62828253
-0.60127183 -2.03799961
0.82741132 0.04397914
0.28535314 1.04683959
1.00730471 0.09291752
0.95670761 -0.28491943
-0.86040291 0.34682869
-1.15818709 0.35377981
-1.26267365 0.98906689
0.10913363 0.58847936
-1.00590880 0.39573017
-0.97212753 0.54679487
0.14568545 0.89975649
0.27329348 0.99925724
0.15137192 0.91783348
-1.33951975 1.00187698
-0.98196056 0.75521939
-1.19954449 0.94975717
-1.13363719 0.88450919
1.53858903 -0.40401695
-0.98470111 0.83748161
-0.68539855 -1.96651780
0.03755782 0.78978010
-0.70842373 -1.77233242
-0.79580836 -1.96488929
-1.34039798 0.80979781
0.17706086 0.86726843
1.52534564 -0.42061587
-0.02156303 0.63562045
0.22516243 0.50916111
1.55087607 -0.46779368
0.97708018 0.55387643
1.47700606 -0.60872569
-1.11794750 0.84576462
0.97185702 -0.15923662
0.17864461 0.68834211
0.97896412 -0.08917222
1.64604151 -0.42336314
-0.93450383 0.27401344
0.93841829 -0.17191472
1.11617358 0.04821244
-0.40017894 -2.22509643
0.25644815 0.74716168
1.35865409 -0.37638774
-0.87910826 0.38995394
-0.76707131 0.24159624
-0.73498676 0.75214385
0.27513217 0.93718578
-0.44716407 -2.04748211
0.73092581 0.21341942
1.31252630 -0.27416878
-0.94062681 1.21595651
-0.50762178 -1.92356576
2.05250366 -0.19771485
1.84862387 -0.38893832
1.31410076 -0.08985439
-0.99018501 0.63419992
-0.72338128 -1.85549747
1.54032960 -0.59364257
-0.59795844 -1.92996874
-0.81807036 0.63581890
-0.78875243 0.59051465
1.93664716 -0.37236845
-0.73621394 0.58325067
-1.30733775 0.72596957
0.92825066 0.21667004
1.57674674 -0.33631432
-0.98186410 0.69262002
1.05416179 0.44957591
-0.91193884 0.89305191
-0.91583551 0.93156150
1.16756466 -0.11207178
-1.13014490 0.92671030
1.08999252 0.15016992
-0.49835372 -1.60196603
-1.40386670 1.07212597
0.71455265 0.19616404
-0.88688163 0.59437410
-0.70265977 0.69834370
0.27513444 1.52602472
-0.96805672 1.04730457
1.59460242 -0.34026677
1.14796055 0.05797580
-1.14529269 0.83102628
1.48571030 -0.44606354
-1.15019033 1.11422746
0.90387605 0.09455531
0.62182719 -0.11643559
1.11077597 -0.41087396
-1.31416037 0.84183265
1.22707875 0.11754755
-0.38906969 -2.11424342
-0.73556130 -2.05011901
1.01596272 -0.14211212
-1.00474314 0.57054905
-0.75263277 0.33507709
1.49005757 -0.38687197
1.58413345 -0.12485142
0.16677678 0.90674096
0.23230447 0.73676116
0.81569845 0.06629070
-0.85971620 0.87018481
-1.07930005 0.30683177
-0.67518147 -1.91782696
-0.33568241 -1.63976359
0.90461040 -0.46618594
0.20165824 0.96334708
-0.96548621 0.20002011
-1.09609597 0.33255535
-1.43465166 0.95242167
-1.17716716 0.49260291
-0.77857594 0.63211834
-0.89732892 0.75837918
0.19863499 0.95153596
0.96638399 -0.07393453
-1.09943830 0.65723556
1.49164695 -0.39941179
-0.46626126 -1.87549657
-0.92557794 1.11298152
0.99553266 0.07053463
-0.01507739 0.93166349
-0.81668522 -1.84785199
1.60719563 -0.15379253
1.67895788 -0.48510104
-1.57754231 0.86384350
0.19153729 0.64500893
0.87568306 -0.15213517
0.41977575 0.85028131
-1.04731393 1.23845414
1.79782875 -0.23967585
-0.51077684 -1.76095001
-0.87663015 0.37763089
-0.98902111 0.60638186
1.09994997 0.12035590
-1.23421355 0.59144088
0.52230448 0.93013988
-1.12111294 0.31363377
-0.62574779 -1.76190263
1.35496747 0.26291505
-0.99144945 1.24933493
-1.29232784 0.67097947
-1.11187933 0.76639396
0.07077912 1.17323526
-0.57424781 -2.05595312
1.28325395 -0.05705723
-0.62720281 -1.91356110
0.28827487 1.23287446
1.77294395 -0.37475745
1.19127338 -0.38667721
1.09352935 0.37256518
0.16770849 1.02355499
0.24018991 0.77866609
-1.05036204 1.00055218
-0.19818471 -2.02046347
-0.63063453 0.64922573
-1.10072035 0.63176741
-0.86488254 -2.11848381
1.46919596 -0.32431344
0.33140348 0.63127560
-1.10654515 1.21321202
0.39280883 0.98619067
-1.14917377 0.52299252
-1.02196273 0.71842441
-0.86796593 0.67205819
-0.70055407 -1.92224647
-0.70050829 -2.28970467
-0.02973512 0.91283332
0.23451511 0.72059791
-0.39808145 -2.10054566
-0.84321831 0.53416829
0.05701543 0.95444921
1.75464338 -0.22598524
-0.48680194 -2.15558882
0.24706158 0.73280725
1.24611864 0.10947544
1.14676106 -0.45714830
1.46018410 -0.47043973
1.04680851 0.19332437
0.19190721 1.28098166
-0.35407794 -1.92181180
-0.96322674 0.32214126
0.72417537 -0.10254425
-0.15645663 -2.05009640
0.54276321 0.15552847
1.21183261 -0.15410244
-0.94010913 0.96491742
1.44683923 -0.27237791
1.03083367 -0.26289046
-0.75962273 0.33190856
1.39202141 -0.49670551
0.98558241 -0.00665296
-0.99763771 0.38899463
0.09320137 0.81383534
-1.03173567 0.79101549
-1.07551104 0.78166833
-0.77758513 0.65582745
-1.22352428 1.15667040
1.78711904 -0.63854468
-1.16366251 0.75711571
-0.50074360 -1.57497490
1.43971350 -0.56776686
1.40503939 -0.54503132
-0.98174106 0.92620262
-1.13910119 1.05727160
0.04999194 0.96642748
1.88310975 -0.53048262
0.17841579 0.66004483
-0.63389388 -1.75943473
-0.86770163 -1.82486980
1.82743925 -0.19648211
1.10044550 -0.48787662
-0.86556600 -1.82539701
-1.08881929 0.51542976
-0.62526356 -1.64418604
1.19749988 0.09525165
