0.17838160 -0.57137505
-0.20595900 1.39726472
-0.50871223 -1.07972284
1.39460246 0.13904826
0.13865765 -0.83065925
-0.45963250 -1.06675872
-0.10913400 0.02130376
1.67160182 -1.10281357
-1.09818709 0.74507814
-0.58350905 -0.84424871
0.73344599 0.70282265
-0.24113709 0.14938726
1.04506656 0.42567220
-0.78000411 -1.33985649
-0.34143179 -1.24230886
-0.31804894 -1.35228966
-0.30272980 -0.19850745
1.11299552 0.10620041
-0.72875417 -1.12954268
0.40442036 -0.56865287
1.30668215 0.25453116
0.85649745 0.71719819
-0.53893127 -1.26868555
-1.34143829 1.32188043
-0.02627072 0.33862944
-1.19197807 1.19779260
-0.61723888 -1.02966818
-0.89976850 -1.14166038
-1.08138048 1.07380528
1.79079767 -1.19088032
-0.47232666 -1.08139920
1.39610753 0.03965780
1.78654271 -0.89056613
-0.19042380 -0.19844872
-1.39157365 1.30202462
1.92485878 -0.96638447
1.66084488 0.22506243
-0.49237761 -1.48491232
-0.12136962 0.22777231
0.12234110 -0.86196586
0.94238330 0.07545892
0.00563956 -0.80536004
-1.03787634 1.44408191
-0.50668710 -1.24448628
0.41102072 -0.93612949
-1.18323170 1.46614521
1.63412305 -1.05455449
-1.19316991 1.29386974
-0.19026315 1.09945825
1.39785170 0.46153644
-0.79469696 -1.02519817
-0.81720851 -1.30342308
-0.28283795 1.32140992
-1.06391755 1.04967482
-1.11886829 0.86270452
0.05268738 0.97674168
-1.40467450 1.40484173
1.83663478 -0.92816950
0.19606519 -0.94806940
-1.27433805 1.34338004
-1.14570121 -1.03286514
0.97042485 0.85941844
1.90742181 -0.98403580
-0.12836188 0.10076109
0.61468286 0.65193999
-1.30543462 1.40628522
0.22128864 -0.97008582
-0.80543082 -1.45773412
-0.98252249 1.27968153
0.74862812 0.81407501
-0.23167653 -0.33510297
0.05221765 0.13374660
-0.21439119 1.07948672
-1.07311843 -1.04337264
-0.56176879 -1.22018329
1.48487696 0.26117145
-1.09480084 0.81886507
-1.22172548 1.20631167
-1.04018181 0.76757222
1.58241590 -0.92248906
-1.26101580 0.93206460
0.79433311 0.54692961
-0.73971990 -1.32918069
1.09454365 0.54346562
0.11052082 1.33946882
-1.16199796 1.19730593
1.75522330 -1.03023799
0.64379232 0.57317138
0.59639231 0.39421687
-0.14231930 1.04824103
0.01504956 1.25402574
1.00647574 0.40680353
0.34796719 -0.67763436
-0.93616270 -1.46314106
1.76229685 -0.14017093
1.15341117 0.23424399
0.84276666 0.55081769
-0.13943908 -0.70811965
-1.28515602 0.79357353
1.13750414 0.13708142
1.39433501 0.02700069
-0.94274595 0.90693866
1.64622200 -1.12226468
1.24770799 0.19726595
0.88193550 0.59085909
0.18320296 1.34457485
-1.11606560 1.00441954
1.04822942 0.69965278
-0.67522223 -0.91381826
0.80662514 0.56829233
1.67388163 -0.80681233
1.47276479 0.25807589
-1.27046572 1.02415867
0.84478038 0.54935101
0.08410769 -0.97941312
0.22521333 1.41259569
-0.74150690 -1.44398678
-0.22447684 -1.08312271
1.80585105 -0.95992256
0.14023315 -0.84536602
-0.04684523 -0.07418278
-0.74524688 -1.40843626
-0.89549728 -1.45562232
-0.57750524 -1.22218468
-0.15573600 1.54086376
-0.21059050 0.08329645
1.57073782 0.06487982
1.70120604 -0.95050161
0.76763511 0.12209788
-0.13524430 1.21108175
0.35493295 -0.88199327
0.88749000 0.62566701
-1.10487838 0.81474459
1.53231008 -1.10510677
-0.14091979 1.24203073
1.33245842 0.01574536
1.35569024 0.26639569
-1.38080388 1.13456986
1.07406036 0.38039262
0.66616294 0.46652100
1.63579464 -1.11466945
-0.63757145 -0.17530762
1.48236785 -0.98551609
-0.88230966 -1.12645462
-0.39100584 -1.24843576
-0.41553566 -1.09333582
0.83601215 0.69129451
-0.16832540 -0.32398505
-0.37647173 -0.32091773
-0.75962890 -1.22318129
1.72874607 -0.15380503
-1.10955089 1.27407627
0.97129620 0.49576292
1.14297459 0.42766135
-1.14981476 1.02474778
-0.77722888 -1.28810247
0.07397150 1.22983566
1.87560589 -1.12860438
1.73711439 -1.30918235
-1.55268341 1.63466215
0.89725505 0.76525868
-0.83736397 -1.40895818
1.71773921 -1.39947650
-1.28656643 1.37273448
1.73549124 -1.08145701
-0.89088530 -1.49102921
-0.62213573 -0.95616620
-0.16887221 1.20070769
-0.43039760 -0.18654680
-0.69535594 -1.03136652
-0.08375517 1.37423338
0.20986491 -0.88781057
-0.33143763 -0.04527462
-0.89117624 -1.39052316
-1.08887717 1.18629005
-0.67185728 -1.45921666
1.20258597 0.26920329
-0.87807982 -1.39968057
-1.08997559 -1.23037537
-0.55116172 -1.37657392
1.76695112 -0.94796797
-1.10469195 1.74559868
1.05405454 0.08213286
-1.16971750 -1.42511585
-1.52001665 1.11806234
1.37149208 0.06349017
1.31462995 0.22453682
-0.03122443 1.17057947
-0.74496660 0.03135106
-0.97970996 -0.97202010
-0.22226552 0.23404861
-1.09432693 1.34725133
1.84291299 -1.03383933
-1.34113061 1.08523843
-0.63818527 -1.19868878
-0.95216438 -1.32489161
-0.73875370 -1.21945768
0.21417201 1.46111711
0.46713251 -1.09555963
0.99634477 0.58009074
0.44289366 -0.76892119
1.71629383 -0.99680558
-1.39333437 0.81179825
-0.90878148 -1.20609181
-0.35862030 -0.08356152
-0.92248126 -1.22868502
-0.13058177 1.23996541
-0.41255180 -0.98093183
-0.09032720 0.01027178
0.28710949 1.20842748
-1.10160570 -1.17574154
0.85052207 0.32551246
-1.44259477 1.11737289
1.73076156 0.26186104
0.90460434 0.90636084
-1.28936656 0.98017956
1.73246812 0.03662614
-0.65340933 -0.75677781
-1.33042393 1.44308515
-0.19626597 0.00416241
-0.78818543 -1.35492719
-1.05163839 1.19368595
-1.32547528 1.49547759
-0.90265439 -1.40195442
1.68952122 -0.66729278
0.32980384 -0.87583076
1.56875133 0.04621860
1.12890335 0.65272840
-1.11401214 0.94301243
0.02485760 1.10801528
-1.00099931 1.09377195
0.10681322 -0.54297871
-1.25222402 1.57270841
-0.30454839 -0.20555888
-0.09784148 -0.33740870
1.88388207 -0.72663456
-1.13286306 1.43311530
1.70078531 -1.23195699
-0.88707583 -0.87694301
-1.42629468 1.49728820
1.74901534 -1.33203608
1.25343333 0.18098182
-1.02083219 1.57527231
-1.05157511 -1.17258965
1.18283575 0.19913649
0.43419783 -0.83659709
0.40225630 -0.78218486
0.08090832 1.18803811
-1.49510204 0.81428996
-0.67234628 -1.27201393
1.33085965 0.17882583
-1.12179895 -1.02261028
1.37611627 0.16199108
-0.63820161 -1.21552609
2.07775284 -1.06000039
-0.41831000 -1.07356908
1.34659486 -0.01326606
0.36253135 1.31979355
-0.48156636 -1.12136761
1.43263668 -1.05247396
0.10043457 0.09599496
-0.57132953 -1.32867210
-1.58112679 1.28462725
-0.66083233 -0.99033552
-1.05942113 0.90331125
-0.83358024 -1.30520090
1.58589112 -1.27867868
-0.15117895 0.14318893
0.93246938 0.43100561
0.40225416 -0.74586461
1.57587575 0.16334311
-1.41504899 0.89494123
-0.67633335 -0.89809587
-0.71685230 -0.96140956
-0.64365495 -1.39301605
0.28309254 -0.89128852
-0.67525999 -1.53014661
-0.86006820 -1.30787362
0.87575043 0.39916905
-0.46914026 -1.17154452
1.58223445 -0.91479583
0.73798994 0.44938627
-0.86074390 0.93779378
-1.13394513 1.04412388
-0.59770636 -1.54577333
-0.42214511 -1.21854314
-1.29830713 1.54194158
1.19980347 0.19475985
-0.32824274 0.12829793
1.45240422 -1.34130508
0.20455673 1.44142334
-1.13437610 -1.33726437
-1.65322924 1.01123770
-1.18423394 0.95134945
-1.25643855 1.52231972
0.84205035 0.62017234
0.11305508 -0.77022937
-0.15067922 -0.04874297
-1.28456095 1.35996562
-1.19700567 1.26122643
-1.34855417 1.57456755
-1.01180206 -1.59085879
-0.84307695 -1.42040264
0.11956293 1.47425951
0.20194130 -0.81598332
0.35876085 1.36789481
-1.16150914 1.30459744
0.02476343 -0.60154769
-0.97531281 -1.18206069
0.48341145 -0.86852788
0.96991475 0.72534765
1.50405128 -1.13280506
-0.19851273 1.35212094
-1.15339328 1.39863882
-0.60300758 -1.26058819
-0.79982474 -0.76376725
0.16438224 1.09388749
-0.84287317 -1.07076121
-1.53963104 1.29264759
0.95643802 0.58366729
-1.20471644 0.84210561
-1.22303348 1.42256450
0.00748700 1.54322808
-0.42204640 -0.00952045
0.76876616 0.20798567
0.86638749 0.68296587
-0.18428585 -0.04698807
-0.10133627 -0.62549920
-1.03419281 -1.15543851
0.37941283 -0.85949120
-0.75178749 -1.42622569
1.50200936 -1.42799504
1.13705101 0.80036748
-1.23530835 0.97026959
0.84815383 0.70272247
0.81036987 0.51602566
1.35694236 0.24265620
-1.26580045 1.41210366
1.56063697 -1.29592455
0.02193610 -0.86288193
-0.81349680 1.20104517
-0.55636809 -0.97775050
-1.15917501 1.36179066
-0.18308449 -0.12509018
-0.11151284 1.32906418
-1.25193807 1.09862531
0.03251311 1.21080550
2.10433869 -1.17930721
0.10924734 1.91100765
1.40067052 0.04859105
1.94629378 -0.83095454
-0.29106502 -0.21314898
-0.26032282 -0.00489562
0.05887606 -0.93342045
-0.91399586 -1.63664145
1.18832203 0.14152467
-0.86182486 -1.24527922
-1.12054532 0.89854716
-0.26490546 -0.10474418
1.60278374 0.31415700
0.20797606 -0.82530641
-1.38284343 1.60643841
-1.11222966 1.30122874
1.44318466 -0.84062728
-0.09684822 1.24484662
-0.92486234 0.68669508
0.84506816 0.80015534
0.55860053 0.63393062
-0.15363010 1.06472353
1.46069472 0.11009578
-0.24038550 1.14098964
1.29450947 0.33658073
0.05365352 1.09149662
-1.40881259 1.66109604
0.06521678 1.42469116
-0.83921420 -1.10691238
-1.10922886 0.88790666
-0.67968106 1.02948345
-0.51186456 -1.17645684
-0.24919833 -0.12634045
-1.19944007 0.95971744
-1.35300079 1.68725056
-0.68735078 -1.13179101
-0.22468712 -0.30879233
1.39215322 0.39711084
-1.27086259 1.31129179
-0.96443802 0.78118088
-1.27099519 1.44076895
0.18718668 -0.98701217
-1.07568450 1.05334790
-1.47639606 1.50465746
-1.01635825 1.49010284
0.61999648 0.74377001
-0.73086043 -1.32928316
-0.70474449 -1.20944771
1.17186410 0.54351564
-0.15021090 1.16060188
-1.31360633 1.13253034
-0.24734990 1.22411937
-0.76529857 -1.30985539
-1.33531442 1.18932373
1.60096044 -0.07082865
-0.17776375 0.21785514
-1.37998291 1.40913692
0.42676006 -0.81258676
1.10650737 0.61597557
0.73338081 0.42635345
-0.31797870 -0.22587347
1.31356229 0.35892947
0.43383992 -0.67603401
-1.12395027 1.10100404
-0.98652440 -1.26000179
0.34734930 -0.79703500
0.16596033 1.59661665
1.88982442 -1.20359133
0.05612259 1.50183824
0.08341769 -0.76290802
1.59251812 -1.13056459
0.18465119 -0.93281548
-1.46768702 1.26581967
-1.04548503 0.97020942
-0.60733641 -1.35580710
0.06824289 1.17691004
1.92991906 -1.05916752
-0.16594345 1.41824584
-0.68155155 -0.93747040
-0.70069210 -1.42020839
0.73607770 0.42241859
0.88648840 0.51916818
-0.02077099 0.16692290
1.63626848 -0.06990911
1.20200584 0.12565824
-0.15606859 -0.21364888
0.77356839 0.46641101
-0.17299062 1.34224356
0.25734259 -0.75730018
0.20137756 -0.69800963
0.88867258 0.26806849
-0.00182775 -0.92356696
-1.30681321 1.34745807
-0.91879248 -1.10349969
1.33568935 0.16751852
0.16928605 -0.70301622
-1.12222000 0.80532610
0.01650675 1.52536869
-0.87529644 -1.20243342
0.00769283 1.10388310
-0.88814846 -1.43333387
1.01826131 0.37758393
0.22641047 -0.95967233
0.84376936 0.28172612
1.92757605 -1.18753361
-0.41691668 -0.03929371
-0.84961483 1.34417960
1.16349314 0.15039911
1.35263832 0.25563057
-0.32437010 0.10698897
0.95905390 0.45395271
-0.34034073 1.28747074
-0.08466033 -0.29395661
1.68528288 -1.22723771
-0.84902463 -1.17550604
-1.27412111 1.13901426
0.20636636 -0.75637172
-0.52357105 0.04456050
0.01161169 1.12171958
-0.22285198 0.01103557
1.45333199 -1.11807466
-0.18084076 0.00102195
0.91929087 0.44848016
0.03105552 0.97225732
-0.57537811 -1.25222674
0.90399414 0.56546358
-0.63984012 -1.40068348
-0.55409952 -1.26355938
1.71103493 -1.08341238
0.32710035 -0.82730395
2.01574304 -1.17092854
-0.41254769 -0.02547192
-1.34200723 0.75396876
-0.72227758 -1.26833468
0.27305994 -0.75316081
-0.07098669 1.46165078
0.01491255 -0.81088672
-0.76663858 -0.99996183
-0.68213334 1.00452453
0.06168106 1.27976631
-1.03822413 1.17629002
-1.16879562 1.11972963
1.19448965 0.18414081
-0.97147004 -1.15280582
0.97715021 0.80853767
1.13760432 0.35123204
-1.12431768 1.40913445
-0.64109673 -1.04384477
-0.80912639 -1.09961443
1.55259321 0.08455330
0.71466507 -1.06991866
-1.33785099 0.99974631
-1.20299898 0.77835472
0.46823505 -0.60399870
-0.34461708 0.05227616
1.60492395 -1.01896936
1.49315219 0.13425904
-0.77893232 -1.40151937
1.11359072 0.41996427
-1.26035563 1.57718683
0.03203766 1.44742925
1.72094511 -1.09784181
0.72624074 0.80118125
-0.50539354 -0.09096646
-1.17559697 1.16971827
-0.98435465 0.99024433
-1.08481369 1.11810839
-1.10788215 -1.27200799
-1.19770534 1.13187076
-0.02717427 1.40649854
-0.52912030 -1.30406393
-0.70296525 -0.89009785
-0.46340959 0.11329526
-1.21984000 1.45746916
-1.53274714 1.54002846
-0.91562762 -1.17136332
-0.73283243 -1.29829692
1.97759162 -1.11559261
1.49586045 0.18943680
-0.72022474 -1.10752940
1.31797606 0.42637405
0.34405201 -0.74783218
0.02657915 1.06272324
1.37997225 0.07848267
1.09084015 0.45434957
-0.05832735 1.05649200
-0.73069534 -1.32983142
-0.64001196 -1.61848992
-1.26800873 0.79386289
1.48644961 -1.03214708
-0.88329744 -1.33260739
0.83461110 0.74318374
-0.97446560 1.42357425
0.86220280 0.40771767
1.21247196 0.29698430
1.43578347 0.12746725
-1.32559047 0.80269962
-0.81299543 -1.42948082
-1.23768219 1.23220128
-0.88775237 1.05155844
-0.18371603 1.36928349
1.34761492 0.09803300
0.89622373 0.42103601
0.76889194 0.74531627
-0.99026480 1.51575567
-1.60631870 1.33763427
-0.06546730 0.00293585
-0.60718702 -1.05684184
1.34313898 0.05523096
0.44581024 -0.71448585
-1.06635659 -1.07923624
0.19033330 1.39643494
-1.09387257 -1.25535042
1.56995812 -0.88326114
-0.64083326 -0.90135531
-0.29521546 -0.22085560
1.04018948 0.06362549
1.24754292 0.33500129
0.06880590 1.33369364
-1.20044085 0.97612821
-0.68662435 -1.29571627
-0.73649444 -1.31167345
0.00569280 -0.68059448
-0.27234189 1.30275308
1.42800467 0.29912561
-1.16109624 0.93261660
-0.03478385 1.72896338
-0.14916591 1.31644175
1.24698626 0.05495307
1.36663545 -1.00029380
-0.73122176 -0.66171422
-1.07963124 0.74629729
1.27585234 0.45338266
-1.64474723 1.19541003
1.54958655 0.16161185
1.23454087 0.40092638
-1.18039176 1.18411856
1.57559558 -1.09091076
1.63834500 -1.05226173
-1.24979963 -1.39116971
0.18973438 -0.85265140
-0.16990714 -0.11638729
0.96348146 0.54169905
-1.25570625 1.08412068
1.14888378 -0.03519759
1.58695502 -0.93280871
-0.99904112 1.21730332
-1.11845460 0.99676087
1.33120793 -0.00117619
-0.78705752 -1.32819849
-0.93421753 -1.55319014
-0.89593381 -1.64453173
-1.25212470 1.52174812
-1.32881052 1.38839048
0.19018329 -0.64609783
-0.70182963 -1.29506794
0.25571732 -0.99352130
-0.28018133 0.08083459
0.10152397 1.28002622
0.45999613 -0.96756228
-1.34807133 1.55399893
1.83105926 -1.16037187
1.51028810 0.06723746
-1.27045450 1.28441984
-0.11558204 1.23906518
0.97283738 0.83481766
-0.38276418 -0.28978434
0.98016711 0.57495164
-1.22221428 1.01081163
0.87485169 0.40223416
-0.09704550 1.58946149
-0.74382211 -0.91660429
0.35701296 -0.79084986
-0.23267063 0.10914808
-0.78426103 -1.39664357
0.83358405 0.55655311
-0.91341439 -1.34137834
0.40527112 -0.75967045
-0.73969544 -0.92948646
-0.06399287 -1.00944907
1.28806497 -0.04059747
-0.62405005 -1.27966056
1.69280624 -1.00374798
-0.00094120 -0.74849847
0.10146524 -0.85156569
0.07663349 -0.76017409
-1.00298539 1.03174976
-0.11093969 1.39005129
-0.13723381 -0.15394277
1.58141835 -1.03710203
-1.25475318 0.89486278
1.22585009 0.29652922
-0.98220235 1.22435039
1.23405515 -0.93176717
-0.66444327 -1.38341206
-1.33868856 1.50840519
-0.43020750 -0.15874418
-1.43286302 1.30832628
-0.72035889 -1.33074707
-1.47620449 1.17605380
-0.36063017 -0.04632780
-0.23038232 -0.31189029
-0.02142897 1.34020220
-1.02173475 0.83848488
-0.55872124 -1.11369752
1.18223044 0.10830854
1.93261075 -1.27638027
-0.00602325 -0.08128408
1.10968399 0.66032664
-0.12361086 -0.79405212
-1.39524196 1.24548656
0.08019737 1.38187112
-1.40914394 1.41706118
-0.19328058 -0.11922386
-0.43028965 -1.25741129
-1.06619127 1.05595125
-1.58785298 1.42424148
-0.28689087 -0.13375636
0.33583277 -1.30096446
-1.52335973 1.24206579
-1.55027592 1.08896517
-0.08478594 -0.95786909
0.41692526 -0.64723343
1.04951457 0.34670549
0.13538962 -0.24920001
-1.13880692 -1.31958054
1.41670541 0.28447910
-1.75529027 1.72167948
-0.25901554 1.17602715
0.74917795 0.61343946
1.70300104 -0.98883325
0.21604748 -0.78243723
-0.74326397 -1.27115454
-0.64695820 0.05860338
-1.10775069 1.17791934
-1.42326231 1.24688858
-0.08645632 1.30956182
-0.95497311 -1.48534603
-0.80211339 -1.14529948
1.34872373 0.05112232
-0.99549324 1.42634063
-1.41161908 1.14077203
0.05278982 -0.12941706
-0.72550421 -1.41415256
-0.36449101 0.08794411
0.42126827 -0.79245356
0.22130998 -0.78330407
-0.21449202 0.13417787
1.18326585 0.61471105
-0.65637758 -1.02506211
0.06037736 1.34741942
-0.96493473 1.09592862
-0.56924212 -1.02141108
-0.53474977 -1.18747493
0.66253995 0.62556296
-0.72466415 -1.36016199
-1.35474569 1.11896831
-1.13483789 1.13662218
-1.18025431 1.18904080
-1.13728993 0.94566030
0.16419910 1.50972997
0.00080288 1.45303701
0.14557625 -0.84595455
-0.84739051 1.18301133
1.05133091 0.36533651
0.74567631 0.60373916
0.04609588 1.35366712
-1.42070546 1.71549004
-1.27939569 1.14721718
0.07980774 -0.87783694
-0.78982187 -0.99361452
-0.17103185 -0.08149747
1.18158431 0.06992540
-0.71315577 -1.19453292
0.76077568 0.67953904
1.60284628 -1.30212416
1.80493613 -1.22636336
0.08066415 -0.92812920
-0.98172106 0.93701758
0.10768987 -0.75891046
1.55151937 -0.73714254
-1.17308606 1.10005705
-0.53769706 0.06625711
-0.33484466 -0.05401333
0.73597643 -0.00468962
-0.00013767 1.34656812
0.42956296 -0.51355803
0.29584780 -0.83303985
-0.67977204 -1.14132018
1.55737008 -0.81848048
0.27951683 -0.78649298
0.80552762 0.40208426
1.25158220 0.26008183
1.71212523 -1.20570954
1.67350965 -1.20342257
-0.24122049 -0.87430760
-1.17513320 -1.27740429
-0.01568859 1.35667828
0.32245232 -0.72462645
-1.29808555 1.69778241
-0.57869667 -0.33223705
-0.81397405 -1.29859735
-1.36019740 1.30161896
0.11615404 -0.60741366
1.14037955 0.50113564
-1.14475207 1.19584156
1.80896629 -1.06972977
-0.84403323 -1.63308253
1.90642160 -1.00564522
0.32882203 -0.81393734
-1.26138078 1.03957633
-0.99185041 1.16918133
-0.59341857 -1.45798275
-0.15082738 -0.11932701
0.19512736 -0.90421850
1.77760948 -0.68123023
-0.34975166 -0.92690784
-1.20232674 1.39534088
0.12251236 1.64381900
-0.02647399 1.34913357
1.88123588 -1.32062415
-1.41392007 1.27566286
-0.95989067 -1.45799015
-1.16235272 1.12950702
1.62769824 -0.03899530
-0.17130709 -0.94393053
0.12482438 -0.81341266
-0.72931996 -1.24781400
-0.37886853 -1.23919982
0.10558710 -0.08735876
1.79004319 -0.73395140
1.59395660 -0.78843994
1.51243814 -0.99568686
-0.27100126 0.07555352
0.05220700 0.06654660
1.82290382 -1.01543394
1.46149037 -0.09925553
1.19230824 0.33970228
1.71174113 -1.20304849
-0.88553060 -1.16504943
1.54865316 0.28721623
1.72673678 0.32592203
-0.48935695 -1.30310865
1.16876073 0.23903646
-1.02430615 0.92955585
-0.41301573 -0.85251099
0.66569729 0.38829091
1.33130086 0.11356900
-1.27906073 1.03225696
-0.18665141 0.13785117
1.73923285 0.03004386
-0.61172110 -1.18069253
0.07757999 1.00834733
1.59837794 -1.24505522
0.96062551 0.18993706
-1.16800726 0.75298758
1.92686626 -1.10742813
1.29627525 0.08072370
-1.18956581 0.94928398
-0.73971894 -1.11591454
-0.69404142 -1.29198039
1.24506175 0.17312720
1.62394368 -1.22416685
-0.00230648 -0.09658629
-1.23422381 1.42125918
-1.47507698 1.31733427
0.27590236 -0.88349982
-0.44186207 -0.00876370
-0.04920309 1.16277713
-0.07076929 -0.95093407
1.70774154 -1.29280678
0.27323666 1.06640365
1.10180346 0.30750108
0.02523102 1.68766578
0.36013137 -0.74536747
-1.36053867 1.17346906
-0.07006512 0.19734992
-0.20622821 -0.19847738
-0.77487501 -1.14230399
0.34100788 -0.88774617
-1.15164066 1.07583400
0.06211192 1.41740008
1.00275142 0.59324165
-0.04110516 -0.09695801
0.88968114 0.18352250
-0.36643540 -0.37185815
1.48719604 0.29072784
-1.20214664 1.26171167
0.08086391 1.53895134
0.28484747 1.25544197
-0.63230538 -1.31548337
-0.07580614 -0.18500359
-0.63885068 -1.44466473
-0.10651325 -0.91556381
-0.47683436 -1.27297810
1.41099962 0.06935582
-0.83029781 -1.47498448
1.43065718 0.40633434
2.01479569 -1.01459491
-0.41841029 0.09694878
-0.43154498 0.10561192
0.58370266 0.15827542
1.06722280 -0.06626399
-1.21834897 0.96026072
1.96263575 -0.99228606
-1.30225406 1.43011899
0.04669815 -1.05009144
-0.04413325 1.41372666
-0.92307587 0.87616870
-0.31707055 -0.98073490
-0.51570076 -1.25116969
0.37276528 -1.10938941
1.07194298 0.26687216
-0.91266262 -1.43692384
-0.89122122 -1.35563453
-0.71638355 -1.20770147
1.98859765 -0.88604692
1.01655245 0.61379951
-1.30106656 1.09574712
-1.12348270 0.99039201
-1.08936796 1.54424032
-1.15824944 1.34046694
-0.80738822 1.23622319
-1.35276291 1.42162006
-0.59200295 -0.05911944
-0.30745253 -0.14248945
-0.65338921 -1.41130520
1.59323679 -1.11199976
-0.72345888 -1.37175324
-0.11455729 -0.14760697
0.29110919 -0.65632387
-0.57543157 -0.98634338
1.71392224 -1.10557523
-0.73166816 -0.95397061
0.75557162 0.54767505
0.22004937 -0.86178825
-0.61866926 -1.06355616
-1.15103432 0.89557585
0.15541714 -0.10587964
-1.10326716 1.39182322
1.19196029 0.12190159
0.15051848 1.31927766
-0.93294137 -1.49168773
-0.80511995 -1.08035752
0.22273181 -0.89078539
1.46220781 0.09547619
1.74130550 -1.13163297
-0.72263892 -1.17260271
-0.28974786 -0.13657047
-0.80480263 -1.10955306
0.60932346 -0.97611504
1.95118030 -0.99254007
0.90051851 0.65470039
0.69743037 0.58747788
1.45698076 -1.23812061
-1.47672195 1.00731234
1.80535105 -1.22993261
1.46617402 -0.02080418
1.35276396 0.03571602
0.12968160 1.15395586
1.50089962 0.20936132
-0.20970333 -0.13437511
0.54622725 -0.46968453
1.81093476 -0.82020360
0.76871994 0.54290150
0.81850091 0.38338849
1.72791868 -1.23835446
1.38662703 0.05987639
1.66640084 -0.84233230
1.33753562 -1.02182202
-1.18372043 1.49061621
1.73049755 -1.10645411
1.50907565 -1.13100742
1.48967960 -1.37159092
1.45001147 0.26096517
-0.06119769 -0.14698555
-0.27519163 0.03030061
-1.28672657 1.03707212
-1.35474444 1.18924514
0.02802495 -0.78988050
-0.13853809 -0.02524094
-0.06837766 1.42938717
-1.25160608 1.18857911
-0.84299048 -1.14774410
-0.63258594 -1.04517875
0.11041723 -0.68971800
0.10924505 1.37431673
-0.66528932 -1.23395846
1.18357460 0.49629034
-0.44025290 -0.24924341
-0.98482988 -1.29367384
0.82031661 0.53528639
-1.29721424 1.44224643
-1.07386127 1.15611948
-0.79553145 -1.08071345
0.05733200 0.04167874
0.19206498 1.35808152
1.70470770 -0.94717042
-1.40408992 1.13943466
-0.78397131 -1.43129087
-0.34449973 -0.09216036
-0.60156427 -1.34505776
0.02465862 -0.89436915
2.13426814 -1.01872603
-0.23124467 1.32337531
0.56938437 0.40048913
-0.68550766 -1.09203330
0.91449762 0.58512110
-0.18212946 1.36785616
-0.67400690 -1.04309018
-0.91363487 -1.25546073
-0.59844561 -1.00257240
-0.46982839 1.42384235
0.07529773 1.44853835
-0.27011185 -0.23425092
0.60283345 0.36404308
0.37404373 -0.70709398
-0.23755656 0.19484848
1.03301687 0.47730827
1.33924836 0.24001360
-0.00725820 1.24333410
-0.32491405 -0.18890578
1.51485005 0.13632951
1.73329180 -1.13612869
-1.32130571 1.37362579
-1.49609645 1.12197209
0.74794051 0.57233589
0.67256254 0.50403516
0.16604988 1.09549818
0.22812696 1.15981877
0.59998764 0.63165442
-0.90781087 1.33100388
-0.07441066 1.26189029
1.17960279 0.06362266
-1.02371354 1.09137428
0.03018478 1.24367105
-0.38940883 -1.11152546
-0.74970022 -1.13917315
-1.21707383 1.28823781
-0.85075945 -1.16111716
0.16022864 1.14556060
0.75563126 0.73823791
-1.35799153 1.29730254
-0.99623836 -0.98774734
0.96029648 0.68991342
1.59933306 -1.49842208
-0.81685383 -1.41666981
0.20244365 -1.13081835
-1.15247278 1.01608709
-0.23307640 0.05946364
-1.32555740 1.35594517
-0.68671951 -1.21305013
-0.56444039 -1.23489159
