-0.84565364 -1.47118270
-0.98665995 -0.73039580
-0.68146497 -1.29871290
0.53365376 0.63759208
-1.05816500 1.06617607
1.44419732 -0.16977001
1.33942752 0.14055485
-0.78470199 0.69981367
1.04720770 0.29155846
-1.24214724 1.02857847
-1.02184632 0.74748602
1.36009649 -1.55378671
1.37206839 -1.21670145
1.54231212 -1.22425235
-0.82356589 0.87949692
-1.17999614 1.23460688
-0.90641190 0.92602323
1.66202111 -1.02242080
-1.09223606 1.48678929
0.66350269 0.66230018
1.01770779 0.50247060
1.69115976 -1.23554699
-0.66021146 -1.34657643
0.06086094 0.99650773
1.42979673 -1.38991440
0.94813559 0.23791930
-0.65298885 -1.08000149
-0.94821152 0.91707395
1.11545968 -0.04055472
-1.00937243 0.62207961
1.52506069 -1.13316692
-0.64703345 -1.19898746
0.85920416 0.22924438
-0.59632776 -1.45381421
1.11160038 -0.13401462
1.39698799 0.16489925
-0.60754920 -1.29253366
-0.73532960 0.68903665
-0.91219415 0.91373090
-0.45844878 -1.03254030
0.84980619 -0.03303309
-1.39696818 0.91908783
-1.01319748 -1.05941279
-0.87117320 0.62661449
0.06722820 1.25040228
-0.56259079 -1.31196266
-0.96315862 -1.11234182
0.75277999 0.76231341
-1.02717868 0.78035556
1.46251648 0.06333700
0.79749079 0.58386915
0.00974911 0.94492049
1.63665996 -1.18622604
0.14763038 0.91890546
-0.72432229 -1.23325353
1.43844352 -1.04444536
1.46832921 -0.14001495
-1.11759258 0.56591941
1.06682375 0.08256995
-0.89395595 0.94523893
-0.69760194 -1.26160073
-0.75514797 -1.17958257
-1.01134374 0.85678578
-0.02525671 1.21110712
-1.07270505 0.72987073
1.56899347 -0.07548314
-0.81494165 -1.23410978
-1.05018536 1.30525108
1.42155743 0.04911341
-0.98606434 0.91843285
-0.25600299 1.13157367
0.72431058 0.34523090
-1.13078263 1.30162851
0.60221189 0.05119997
-1.17279472 1.02129693
-0.18811610 1.05357743
-0.87934544 -1.12588052
1.64466721 -0.94815099
-0.97981686 0.94154506
-1.12810367 1.55239737
-1.18678626 1.02570810
-1.20442004 0.84264075
0.05532750 1.22129693
1.15898978 0.15376320
0.96580910 0.19029196
-0.99499341 1.21869985
-0.05337356 0.88395141
-0.89861182 -1.31641327
-0.75992569 -1.51001866
-0.79323161 -1.41186535
1.38288740 -0.95171441
-0.80379545 -1.12657653
-0.68195267 -1.08468120
-1.11763429 0.87896963
-0.66808504 -1.29947759
0.48524585 0.35995622
0.80491952 0.53204986
-0.82081700 -1.28026248
-0.53163786 -1.64359128
-0.93776800 0.99592820
-1.13638852 0.90648234
0.25839643 1.02596749
-0.81261750 -1.26585139
-0.81238988 -0.98983724
-0.63039568 -1.32458104
0.97073415 0.13053973
1.21199536 -0.07888641
-0.89688291 -1.19164267
-0.12013104 1.08659548
-1.19610528 1.20396915
-0.02007136 1.14913906
-0.54887530 -1.37085624
1.32849583 0.13766139
-0.46896709 -1.13763666
0.86058375 0.38615028
-0.62332719 -0.94715050
-1.16290667 1.04831808
-0.58606085 -1.12538728
1.46426708 -0.92241195
-0.24652989 1.11413487
-0.83407556 -1.49579344
0.97217762 0.19299134
-1.13527168 0.94490239
-0.82960185 -1.06372331
1.26342799 -0.05814684
-0.02462469 1.15748733
-0.70335167 -1.21828754
-1.26986138 1.13342252
-1.27051001 1.11606974
1.03982705 0.20250105
-0.10085822 1.19573366
0.65924986 0.19084299
1.23709332 -0.04422044
0.67575070 0.27382454
1.53528296 -1.22713832
-0.80749602 -1.22421520
-0.93558787 1.17482217
-0.61114768 -0.94302754
-0.52421968 -1.12657127
1.85304684 -0.88301424
1.51673243 -1.26129112
-0.67334478 -1.42004940
-1.04872709 1.11942817
1.09610800 -0.11653691
1.47815760 0.00854190
1.32254741 -0.12301148
1.22283156 0.14543801
0.85812848 0.31904894
-0.95121390 1.39611918
-1.07435967 0.78374267
-0.72766311 -1.46612876
-0.06479910 1.26265864
1.11550028 -0.07316558
0.78487112 0.36532687
1.03097428 0.01736075
-1.19707632 1.41868522
-0.87056921 -1.48726316
1.88271307 -1.27526423
1.20073533 -0.10466494
1.20477999 0.05301623
1.36317361 -1.27530480
1.68410954 -1.31709881
0.24587568 0.89321596
1.61660937 -1.12023012
-0.84389805 -1.55535275
-0.12279406 1.02844848
-0.90305056 0.75175707
1.75843705 -1.13261418
1.65712639 -1.18030388
-1.05080428 0.88636900
-0.43897540 -1.13178081
-0.06668191 1.26744062
0.87398873 0.20300293
1.47353076 -1.25346061
-0.89421550 -1.06734654
1.39246658 -1.23910795
-0.19821736 1.24173581
-0.65476809 -1.37492681
-1.27553093 1.30091475
1.39783042 0.04749518
1.25770994 -0.07832764
0.17261512 1.16585109
-1.00993115 0.93841857
1.74241820 -1.02741934
-0.50889670 -1.59569413
1.71722207 0.21416565
0.92819812 0.70684588
-0.63974868 -1.15891707
-0.63313239 -1.43105297
1.67899498 -1.03273254
0.02170405 0.93211089
-1.15749317 0.86471424
0.84986409 0.41389534
-0.41213973 -0.99212823
-1.05213954 1.30504118
1.60008013 -0.83870165
-0.70735561 -1.11978823
-1.29910206 1.25891296
-0.92520648 0.76530253
-0.16510972 1.17498757
0.70707175 0.20650884
0.02729790 0.80521615
1.05792116 -0.16179777
1.19345578 0.18946086
-0.90417117 0.91879747
-0.10976860 1.13635510
-0.65992784 0.79529520
0.95225668 0.21849279
1.20799213 0.12077833
-0.47169001 -1.12473216
1.50835255 -0.90831016
-0.97617007 -1.19313392
-1.05690049 1.01767453
-0.61638239 0.83537674
-1.42260251 1.35120758
1.24899678 0.03840983
1.59419369 -1.08625407
0.79257663 0.42956374
0.36580893 1.25895411
-1.02355990 -1.47642951
-1.04380473 0.67577324
0.04087241 1.16172490
0.91255772 0.44920359
-1.34278526 1.24214172
-0.70217067 -1.30585064
-1.01545291 0.92379622
-0.84205285 0.72707044
-1.10160579 1.06365199
0.78060872 0.07451604
-0.52124375 -1.17256179
-1.14597829 1.13860611
0.56950007 0.42127931
-0.98173826 0.79071276
1.16179715 -0.14151252
0.76343809 0.69659142
1.06627743 -0.00232812
-0.96058894 -1.08945145
1.55015834 -0.98675226
-0.49715101 -1.08849274
1.41933550 -1.39530867
-1.01501244 1.11790197
1.06569427 -0.03820535
-0.44318265 -1.05946058
1.18577307 0.10631198
-0.84843543 -1.21334781
1.55929716 -0.87077924
-0.82454503 1.34306174
0.12641387 0.86153507
-0.04513857 0.98329752
1.07780565 -0.16772544
-0.66833440 -0.97236874
0.80102611 0.53258413
0.83405770 0.47196746
0.53582661 0.12752194
-0.62043571 -1.31468855
1.50875543 -0.63513428
-1.20382802 1.38548424
-0.72208103 -1.18787021
-1.09155511 1.05969183
-1.11861340 0.48563896
-0.57166397 -1.08050783
-0.96810738 1.06282004
-1.30465399 1.16100660
1.16761356 0.21104089
-0.94472911 1.01638360
-0.57141075 -1.33316511
-0.52696712 -1.25735071
-1.25637434 1.24961047
1.45836152 -1.25810587
-0.98799285 -1.27695806
-1.00846216 0.54305336
-0.88677181 0.77227710
-1.20513024 1.11992442
-1.26992167 0.96192815
-1.05145078 0.95119570
-0.64771759 -1.00220768
1.31150394 0.25158458
1.34379480 -1.54641156
-0.71432385 -1.28780709
0.02271626 0.94191055
-0.67396045 -1.13654036
-1.29928398 0.96150561
0.06603123 1.04597800
-0.66309211 -1.03147884
-1.26735321 0.71178832
-1.00217967 1.04781068
0.99828688 0.45945423
-1.39613083 1.12774423
1.58607560 -1.15377382
0.65521301 0.41664785
-0.71357283 -1.23196087
-0.93012156 -1.02053753
-0.94322865 -1.18453765
1.04303204 0.14903194
-0.63678983 -1.23405219
0.09786696 1.18102636
0.72679231 0.51957804
-0.10137551 1.13872820
0.75967585 0.44640291
-0.57200261 -1.04103726
1.11823297 -0.11318131
-0.65729428 -1.10095556
-1.23038626 0.90726329
-0.79259295 -1.40909697
0.02325781 0.88977583
1.04125813 0.52644863
-0.88538596 -1.53281253
-0.96873799 1.06989818
-0.14128861 1.33670005
-1.07395971 0.89697191
-0.75671363 -1.34049654
-1.13576793 1.13243907
-0.82542806 0.99576463
0.07229197 1.00690928
1.47679040 -0.95129876
-1.29754229 0.74585492
-1.22343972 1.00803751
1.04824586 0.30578703
-0.80944623 -1.16587439
-0.74316355 -1.22353234
-0.61005574 -1.11896285
1.40086809 -1.10193276
0.88964555 0.36260395
-0.87909618 0.81765878
-1.01357749 0.64918334
0.78030641 0.18197086
1.36172127 -1.05052525
1.12887006 0.13953637
0.60267891 0.20892483
-1.29087128 1.34722751
1.55052457 -0.94031156
-1.16627576 -1.29233987
1.45734354 -1.28308955
-1.21346580 0.95623439
1.67221305 -1.35771405
0.09901839 1.14845356
-0.56064825 -1.09314065
0.10984122 1.43293366
1.68607894 -1.12656972
-0.21768802 0.96293246
1.16920725 -0.02811203
-1.35858684 1.13241767
-1.19741205 1.04796842
1.55772999 -1.33096595
0.70937064 0.32225762
1.36809116 -0.83631145
-0.32563588 1.13184718
-0.95321265 1.26265414
-0.81276817 0.94727293
-0.76271028 -1.24808843
1.59272443 -1.13705145
-0.31362687 -1.21093332
-1.00255723 0.76506036
-1.26435927 0.77222850
-1.04989931 0.63484558
-0.07876104 1.12049909
-0.75915641 -1.05821856
-1.14952922 0.77003064
-1.08342340 0.90270277
-0.27558189 1.01935422
1.34152059 0.16818159
0.07165031 1.18808755
1.41692024 -0.04292152
-0.12917952 0.87623912
-1.05490225 0.60026184
-0.13630199 0.98126428
1.40052021 0.05610190
0.83117547 0.43934162
-0.40838502 -1.11492434
1.20257654 0.26830848
1.65097800 -0.82943194
-0.80409509 -1.21065753
1.79117031 -1.02010042
-1.09539537 1.34039945
1.78770897 -1.15560958
0.72458827 0.12403852
-0.85159527 0.74416193
-1.07842013 1.02318914
-0.81248447 -1.26354131
-1.26921173 1.43585814
0.86665700 0.50295045
0.95902273 0.11335180
-0.99750899 1.25053641
-0.70220977 -1.30757183
-0.57821115 -1.41280278
1.57125344 -1.16793589
0.14905468 1.38881301
-0.87493159 -0.88868639
0.06136907 1.14305543
-0.97055982 1.26953104
-0.81859947 -1.49552297
1.47606418 -0.16891050
1.41637298 -1.23660973
1.81581336 -1.18355060
1.38817862 -1.06614265
-0.93341047 1.15182750
0.73660705 0.35522642
-0.93121922 -1.43982427
1.40054404 -0.02453246
-0.44285962 -1.20954100
-1.02478283 1.07391048
1.66656758 -0.93053754
0.93926916 0.41060734
0.20516244 0.98053230
1.55001416 -1.03735917
-0.11858595 1.05544641
-0.92619969 -1.01222503
0.65889300 0.30203073
0.77318098 0.25904820
-0.88163479 -1.30308103
-0.77682707 -1.11000168
-0.82532141 -1.27706117
0.05376199 1.15588509
1.59270969 -1.15278951
0.32306453 1.17502371
-1.15459973 1.14665614
-0.75648400 -1.42053725
-1.08638627 1.27192358
0.80482988 0.57968311
0.66351607 -0.10794898
1.12537343 0.08082154
1.26956779 -0.93988171
-1.11747905 1.06816938
0.05233976 0.81637748
-0.68378988 -1.32141652
-0.92679511 0.90892732
-1.18197586 0.92063576
-0.46377785 -1.30257524
0.93359785 0.30054772
-0.96179377 1.16470948
1.18480947 0.23193055
-0.60394513 -1.35622012
-1.16443367 0.81262117
-0.00085514 1.15508937
-0.54366572 -1.36080869
0.02204107 1.47391783
0.98642234 0.14657112
0.98379419 0.32112097
-0.75945216 -1.14066286
1.66169324 -1.15714265
-1.05521749 1.08820848
1.74177212 -0.88630868
0.93388850 -0.06041008
0.22322100 0.99751165
1.31760212 -0.00065756
1.08815780 -1.01302946
-1.12480429 1.00668654
0.32646756 1.13006282
0.60369654 0.34098154
-0.59505215 -1.31479735
1.46114695 -1.35446768
-1.16925461 1.28749067
-0.60247826 -1.13542114
-0.08814013 1.06000894
0.73871781 0.50749444
0.50191187 0.44090912
-0.47168808 -1.15868118
-1.07106632 0.87185168
-0.42476903 1.22731861
1.25930971 -0.06649687
-0.78520137 1.11962646
-0.68632511 -1.24688915
-1.04780579 1.10549814
-1.10345796 1.53606846
-0.49830485 -1.46452357
0.60250602 0.51607499
1.56693146 -0.91691589
-0.99881679 -1.05437876
1.47543134 -0.16139237
-0.82964990 -1.18034332
-0.00728169 1.05859517
-1.05772575 1.33781942
-1.19661593 1.09341940
-0.85975306 -1.17896605
-0.01489044 1.16453946
-1.14773313 1.12211612
-0.93953488 0.61389429
1.06390587 -0.04409660
1.16239802 0.19192914
-0.62190957 0.77004989
-1.21061619 0.73445308
1.56826200 -1.17001849
-0.94680364 1.24508306
0.56313676 0.15471945
1.05412050 0.11986498
-0.89249584 -1.37110801
-0.40287180 -1.08204298
-0.93171067 -1.47875855
-0.41957567 -1.33195589
1.59730301 -1.04137847
-0.46973493 -0.95909002
1.08412549 0.01388887
1.48518891 0.17841764
-1.14709517 0.76635267
0.16461681 1.15322623
-1.13622370 1.11507111
-1.01043976 0.95633164
1.62407394 -0.90849314
0.78837617 0.31021599
-0.61776330 -1.33068955
1.22019048 -0.07018130
-1.05561378 0.94306046
-1.15879768 1.24109603
1.45438131 0.05708994
-0.75761688 -1.32515718
0.11631173 0.97505216
-1.07796886 1.27557107
-0.11684736 1.06825353
1.62447365 -1.19490964
0.96247863 -0.16550336
1.43114909 -1.23494798
1.48303104 -1.17552047
-0.28480202 -1.33995026
1.37103284 -0.94361686
0.86978530 0.22106395
0.70428970 0.34414457
-0.70008531 -1.17129207
-1.02854782 -1.33699479
-1.25931327 1.22037926
1.44584291 0.19008114
1.52143140 -1.14023947
-1.12950115 0.88343153
-0.63499908 -1.15972732
-0.13938795 0.89164553
1.27275039 -0.03873773
1.36236205 -0.04071780
0.02818433 1.24936559
-0.67736410 -1.16836563
-0.71357542 -1.03231007
-0.63034116 -1.39322015
0.77564456 0.38082963
-0.52195153 -1.24595760
-0.93604826 1.04950444
0.85466656 0.28853681
-1.13843205 0.93583539
0.36944145 1.19907547
1.20042100 0.06358532
-0.68550809 -1.39767321
1.03956380 0.12168703
0.73570763 0.40739872
-0.83384228 0.71540085
-0.03212466 1.51251923
1.04026693 0.11538539
-0.96984414 0.77437907
-1.12944733 1.06155314
-0.80857231 1.07050936
0.35079330 0.71892833
1.62439124 -1.15387023
-0.91341357 1.23781218
-0.10725728 1.20593836
-0.53796533 -1.18836064
-0.57836624 -1.61638931
0.09786903 1.68267841
-0.82711994 -1.19845421
1.60615593 -1.11851046
-1.11699108 1.28407211
-0.68214853 -1.31482545
0.91828900 0.24936712
0.39790326 0.82329090
-0.10504811 1.05460496
-0.77262877 -1.03342424
-0.62831630 -1.06759737
-1.14345636 1.11086889
-1.14000633 0.94911336
-0.15314454 1.01875171
-0.09833479 1.23190564
-0.68362114 -1.30587156
0.05812976 1.22811200
0.04769347 0.91667068
0.09619174 1.23390715
-0.73754558 -1.13692628
1.61162936 -0.97906568
-0.80663583 -1.40111704
-1.02948558 1.00988963
-0.83549305 -1.26819211
1.13054077 0.06560055
-0.86822087 0.76939387
1.11567596 0.35375871
-0.50970744 -1.12426748
-1.27979142 1.31775163
-0.57731814 -1.45391263
-0.44957249 -1.18709823
1.70528547 -1.17972303
-0.94630337 -1.16977366
-1.06374903 -1.02930235
1.22007708 0.13537571
-1.22914950 1.18926044
-0.43237897 -1.09540202
-0.28761118 -1.27528533
1.25574079 0.26761918
-0.39844245 -1.23938713
-0.99497230 -1.20254659
1.27833502 -1.19436153
0.68694085 0.61121098
0.86966125 0.21646307
-0.57923794 -1.26066180
1.53425802 -0.84860746
-0.98935104 -1.30986698
1.69210079 -1.21525899
-0.16654166 1.17632173
-1.34582005 1.11565581
0.56011950 0.27062711
-1.14830581 1.01531712
1.07734184 0.06855330
0.76422448 0.45773858
-0.07632315 1.18094845
-1.14536929 0.79155972
1.57045273 -0.96447542
-0.80990115 0.98872845
-0.72292069 -1.11841946
-1.15597340 1.12038711
-0.17989625 1.16027966
-0.64848626 -1.13455329
-0.74870346 -1.42924395
1.69728228 -0.85786815
1.09542950 -0.02722927
-1.09451742 0.88273476
1.35831967 0.33283357
-0.65248005 -1.19027304
-0.79794072 -1.34917116
-0.91126238 -1.32289554
-0.14254006 1.09489054
-1.34243485 0.86608294
-1.16354405 1.16014352
-0.43501130 -1.14628345
-1.23295997 1.18711737
-0.58246516 -1.16270803
-0.74298952 -1.34831821
0.06928802 0.83894995
1.75508252 -1.11831101
0.64772443 0.50918684
-0.68815919 -1.31182461
1.25075320 -0.04759829
-0.95130895 -1.40104371
-0.44704277 -0.90759215
-1.22908801 1.03542849
0.82107576 0.43812152
1.52556741 -1.04690971
0.89402841 0.41697797
-0.66036047 -1.34606396
0.64179625 0.33256166
-1.07849681 1.32264994
1.80764717 -0.91731901
-0.30790146 1.09985027
-0.90180329 -1.02091670
1.70143199 -1.03958953
1.21654402 -0.05578084
0.82266345 0.49996263
1.54288327 -0.90269948
-0.74349071 0.94609096
-0.36180446 -1.06707595
0.66320364 0.43419760
-0.13535885 1.12692986
0.87625492 0.13788968
1.18508605 -1.20619604
1.18606146 -0.10957982
-0.30888618 -1.26476793
0.78506691 0.17430349
-0.34174877 -0.86658301
-0.58572735 -1.25338159
0.65046126 0.27513503
0.93118016 0.32592749
-0.73833679 -0.93509205
-0.63613682 -1.23308750
-0.94185455 0.87784568
1.58865396 -1.22782633
-0.51637771 -1.34549280
-0.24131259 1.03108117
0.65276892 0.71314297
0.13511781 1.12958061
-0.80637519 0.76405859
-0.70817402 -1.21773744
1.10514081 -0.08385053
1.46138356 -1.08465249
-0.64858156 -1.53998315
0.78788818 0.45635756
0.25635488 1.06991256
1.45784362 0.12692502
-1.19058603 1.16372038
1.30796008 0.14036204
0.75680527 0.42412516
1.03333716 0.24748130
1.63548280 -1.06592674
0.85921824 0.03256811
1.49019408 -1.34973319
-0.83558929 -1.12719406
1.43155162 -0.96013120
-1.08441394 0.74734590
-1.26502833 1.24994317
-0.19422717 0.90544488
-0.68399451 -1.43117579
-1.40471484 0.89696499
1.50108640 -1.05968128
-1.28461948 0.51945458
-1.12872300 -1.40391013
-0.59811370 -1.21743517
-0.66996932 -1.45327893
1.05551751 0.44028545
-1.03848282 0.85427967
-0.06788937 1.07593989
-0.17245069 0.92411253
-0.76557516 -1.13810742
-0.54506357 -1.21317817
1.22396164 0.12324840
-1.21019592 0.80757577
-0.06244435 1.23250142
0.66096972 0.17594650
0.68952258 0.42679069
-0.63371582 -1.26019152
-1.05644581 -1.43564004
1.34227381 -0.93643514
1.35388859 0.09212724
-0.91113923 1.46291431
-1.04594216 1.02835639
0.77480285 0.35264505
-1.27962765 1.31056066
-0.70959598 -1.20399082
-1.04979881 0.95219951
1.49901018 -1.16998792
0.71832401 0.56219511
0.94733806 0.36894541
-0.86506034 -1.21430548
-0.88146624 -1.08762665
0.08599373 1.22021687
-0.02891214 0.99059046
-0.51439922 -1.25197340
-0.65862989 -1.27274762
1.08724630 0.07810665
0.67455254 0.16892818
-0.51252193 -1.16678046
-1.08004363 0.85384843
0.93808002 -0.04409396
0.67051968 0.22227128
-1.12366235 1.20984632
-0.53707920 -1.24621322
0.91991489 0.03761211
-0.22397366 1.04063492
-0.18972718 -1.42762973
0.71408967 0.43845884
-0.73259186 -1.20738398
1.53146811 0.05125583
-0.77377964 -1.33998873
-1.05245056 -1.24478951
-0.84396387 0.62096138
-0.45102735 -1.36098887
1.04635268 0.43768555
1.30630068 0.15976771
-1.07879461 1.02652537
-0.58829275 -1.13155201
-0.63439936 -1.25641220
0.95181372 0.55307361
-1.11675329 1.41725888
1.55991558 -0.82356540
-0.53951921 -1.20085458
-1.47437779 1.23783555
1.50108554 -1.25902395
1.01366988 0.58207962
0.14388160 0.96720500
0.02651203 1.05891013
-1.14147129 1.16197123
1.11348960 0.27118562
-0.88032007 1.10147118
-0.99792601 0.65798693
1.21554327 -0.01193280
-0.73270328 -1.14750622
-0.67536655 -1.33571456
-1.03847276 1.07870198
-1.31620668 1.09578869
-0.73440584 -1.17258113
-1.22204020 1.12382777
-0.92296640 1.13006424
-1.39283768 1.01553571
1.50158872 -1.16735753
-0.61685216 -1.42080589
0.62822803 0.69702393
-0.06892126 1.11613478
-1.25665866 0.98088934
-1.04451904 1.20648010
1.06749058 0.36032357
0.30633897 1.16467932
1.15804866 -0.29988901
1.26088389 0.32783863
-1.04903745 1.11585882
-1.26024920 1.54586424
-1.11325838 0.80747296
1.34689624 0.02192815
0.88881018 0.38253551
1.81226307 -1.00337604
1.56288804 -0.06933060
1.67126653 -1.30332302
-0.23450235 0.99568248
0.86236037 0.61938566
0.01959720 1.00593562
-0.94987488 1.01218840
-1.17079494 1.24854788
1.17859988 0.13434808
-1.00616958 0.77788056
1.52214750 -1.14547573
1.14489318 -1.26657987
-0.04056284 1.21786334
-0.96874799 1.13769568
1.37960567 -1.05123260
0.81795444 0.26140662
0.92060186 0.13877484
-0.93087211 -1.28335223
0.01285191 1.06858879
-0.73508404 -1.07225119
-1.17241500 1.28437697
0.20253278 1.21680621
-0.06718431 1.00567587
0.05493863 1.09264884
-0.65778347 -1.31373563
0.89615747 -0.05324159
1.17661414 -0.98755636
-0.76193733 -1.29509727
-0.81280648 -1.17069048
1.38423544 -1.07906206
-0.94141797 -1.17251250
0.04992190 1.30022239
-0.94585059 0.79582803
-0.79255495 0.98162627
1.44948861 -0.99347050
1.29511877 0.01557978
-0.72210685 -1.36582805
-0.00000626 1.25460724
-0.15686156 1.15104714
-0.65088243 -1.34743230
1.46776228 -0.94232971
-0.86009577 -1.34195912
-0.65202666 -1.48455348
-0.88983310 1.22081008
1.36647939 0.02386345
-1.15350311 1.38350163
1.20081921 0.00258890
0.43509948 0.43093028
1.62452496 -1.08789440
1.59527797 -1.15925714
-0.78219724 0.83993054
1.24474700 -0.03020675
-1.15862043 -1.12019158
-0.98720008 1.23283351
0.55164700 0.54913673
-0.78160191 -1.30004307
0.10717924 1.27444419
-1.11564407 0.80335819
-1.26231479 1.18924106
1.00663085 -0.26042192
-0.67162062 -1.32851108
-0.86420637 0.69558264
0.93607625 0.07652666
1.18517822 0.01275868
1.37239281 -1.06953323
-1.32485008 1.13986549
-1.03326243 0.75261153
-0.69840768 -1.17514136
-0.66532893 -1.54112271
1.16820012 0.36607422
0.75556104 0.36913866
-0.63645148 -1.25054554
1.05692141 0.40446567
-0.61802024 -1.44250308
1.61966085 -1.24203412
-0.76164018 -1.43123453
-1.16651645 0.96441982
-1.04264404 1.21877983
1.44959452 -1.12847721
-0.66349726 -1.22454718
-1.20970467 1.40300546
0.87316290 0.43690130
1.64207182 -0.80575166
-1.27316659 0.73999216
-0.71113343 -1.17976490
1.57228460 -0.94230092
0.76323811 0.55092495
0.71387498 0.68674716
0.17105221 1.20170054
0.04682149 0.80940774
1.18257911 -0.09760520
-1.19132608 0.97757176
-0.56772583 -1.20621600
1.29049210 0.27624051
-0.63501833 -1.33431467
-1.36762214 1.22831187
1.37223996 -1.19071397
1.26502564 -0.09525230
-0.67374359 -0.96163448
-1.40528918 1.38707794
-0.80196146 0.87933994
-1.14947039 1.02845003
-0.83256706 1.18202702
0.58472565 0.15837395
0.64995774 0.36635213
1.02591023 0.02456627
1.31896775 -0.01432269
0.01416709 1.32221661
1.10564584 0.17360422
1.73680841 -0.72581232
-0.83638944 -1.29083288
0.63350852 0.62099629
-1.05909194 0.89172997
-0.99554413 0.90005871
-1.41480915 1.18906207
1.55952875 -0.24732912
-1.36992485 1.25164847
0.80647572 0.14096913
0.93798323 0.74128591
-0.78155984 1.22060670
-0.93646466 1.24532049
-1.59403660 1.30188829
1.03618080 -0.13646518
1.80816358 -1.16330153
-0.57738334 -1.00042664
-0.81228809 -1.36634401
-0.97157741 0.88101258
-0.64532869 -1.25741092
1.50764434 -0.96677655
0.09089838 1.09289178
-0.66227271 -1.47215310
1.38036810 -0.21827995
-0.79071951 -1.22749584
-0.72990634 -0.99532024
0.19256756 1.26215981
1.36948579 -1.10560830
1.25795132 0.02640470
1.53560769 -1.16042578
1.21680473 -0.08344389
-0.86536626 1.02548711
0.66723748 0.42277591
1.03653926 0.44287122
-1.13806223 0.96667411
1.51592970 -0.97171284
-0.15050122 1.22208747
-1.35219764 0.83805758
-0.77726822 -1.29273813
1.56233415 -1.38057028
1.72341975 -1.13296163
-0.52068609 -1.06095645
-0.41313481 -1.45159669
-1.35035473 1.11397554
0.14913550 0.92041099
-0.93480144 0.83490858
1.13467184 -0.98205392
-1.25186292 1.06672406
0.02861344 1.02819027
1.54747720 0.30968481
-0.61017893 -1.53381366
-1.15873713 1.20186760
0.07225189 1.33491249
0.18388941 1.24375179
1.60717103 -1.15112244
-0.77985511 0.77125315
-0.54371423 -1.10488057
-0.26865335 -1.22824503
-1.04898683 0.88499807
1.24126683 0.04784966
-0.20943808 1.13341074
-0.75438264 -1.40014317
1.20186395 -0.08884814
-0.91303304 1.34462360
0.86709810 0.48007708
0.74248100 0.39359796
-1.02103517 0.74462102
-1.30727512 0.96405575
-0.08831818 1.38212499
-0.18661679 1.20247615
-1.03841172 1.04188704
0.92027026 0.42678837
-0.12791640 1.05737690
1.34934055 0.07350353
-0.92040142 -1.17705969
0.00602641 1.33891001
-1.20309118 1.03372913
-0.66214027 -1.31710071
-0.57940575 -1.27316698
1.61033838 -1.01074122
0.00621218 0.92824849
-0.99868102 0.98346953
0.50798251 0.31040987
1.58778784 -1.31869170
-0.92951798 1.12726325
-1.36332572 0.89077925
1.30003032 0.09272079
-0.82128067 -1.18550918
-0.76147575 -1.45042986
1.85116479 -0.95260596
0.71788823 0.58142087
0.95129048 0.25132056
-1.18840714 1.22454525
-0.98629735 1.25303212
0.14746510 1.30759890
0.73864370 0.37707166
-0.45120290 -1.19861756
-0.96599272 1.18280551
-0.45452905 -1.16827947
1.26793780 0.04104559
-0.66579666 -1.35013595
-1.00162643 1.08680980
-0.59043972 -1.42273104
-0.70471452 -1.35594699
0.77383453 0.39276485
