-0.98689439 0.66234641
-0.52694403 -1.51479972
-0.56190745 -1.55042547
1.43614796 -0.28559422
1.47415573 -0.38982883
-0.65728644 -1.51969799
1.59588077 -0.05258078
-0.49379493 -1.50726956
-0.62553218 -1.34490192
1.75309311 -0.28034360
1.58777669 -0.21571598
-0.67907536 0.69397651
0.20124846 0.87765305
-0.49341652 -1.81312755
-0.55154848 -1.73062599
-0.43733204 -1.53994112
0.01435551 0.92203308
0.26746543 0.94115831
0.34890013 0.94995521
1.58574563 -0.18495826
1.51694599 -0.11263124
-0.96397929 0.69979458
-1.09939819 0.82805083
-1.44449215 0.60667627
1.40498757 -0.23862756
1.53414718 0.02457912
0.03024734 1.00755916
0.03458589 1.07101211
-0.63390733 -1.34045653
1.57435353 -0.00805880
-0.58500264 -1.37258313
-0.93864456 -1.32301257
-0.67289522 -1.43207660
0.26267933 1.02080267
-0.05561004 1.03336148
-0.98494043 0.48721071
-0.77858290 -1.46864381
1.41791389 0.15014046
-0.94353178 0.92282395
-1.03249647 0.97410253
1.88161538 0.06466295
-0.79207116 -1.63975681
1.43077406 -0.21901569
-1.10448589 0.63925241
1.87532385 0.02974436
-0.53768459 0.46385423
0.03958577 0.89569694
1.54244384 -0.03011575
-1.39755884 0.72200758
1.51019548 -0.41500888
-0.79543011 -1.39663414
0.33453187 1.02244842
1.60121844 -0.42164983
-1.18783838 0.76860072
0.29876621 0.79398035
-1.44712139 1.20428671
-0.03873608 1.04898066
0.32655239 0.94790001
-0.02020870 1.08287876
-0.34991329 -1.49569722
-0.78254867 -1.51153062
0.03746555 1.10942520
-0.67332855 -1.71145629
-0.91600178 0.73472542
1.38792043 -0.13301942
0.57127836 1.07456097
-0.83698617 -1.63234924
-0.76006375 -1.31142068
1.43865508 -0.45147907
0.06258461 1.05531085
-0.92916897 0.62788355
0.07774717 1.07279488
1.40695709 -0.21185876
-0.68175636 -1.56849108
1.71082033 -0.18414268
-1.13263802 0.55155026
1.65328041 0.14464396
0.17809569 0.83599943
1.62434458 0.08000357
-0.02416656 1.05383965
-0.90478863 -1.67310611
0.17993716 0.92571140
-0.03974763 0.95070157
0.11302266 1.40742477
1.72781215 -0.31378229
-0.96904580 0.69898610
-0.77420094 -1.78110600
-0.43254032 -1.55915832
0.11532263 0.77433304
0.21237678 0.96154046
-0.02336417 1.04714758
0.43758959 0.74432480
1.62203387 -0.26579383
1.33249921 -0.27250355
-0.88859680 0.44577065
1.42506536 -0.11429485
-1.09631163 0.45424598
0.27503003 1.32290832
1.25575465 -0.27410212
-0.81767446 -1.77495210
1.55907895 -0.27052278
-1.19482577 0.77131449
-1.06524748 0.40340366
-0.33505184 1.10455396
-0.80921798 0.94638289
1.22219481 -0.02867539
1.79380743 -0.24106378
0.31815395 0.77703246
-0.57414042 -1.52096140
0.07573552 1.14208356
-0.75284619 0.80430181
-0.49327195 -1.60886589
1.31786407 -0.05172720
1.66084899 -0.33014211
1.98886907 -0.12938310
1.56993012 -0.23999994
-0.69992989 -1.51746624
-1.21272874 0.75540695
-0.52374137 -1.51768778
1.45834600 -0.20926435
0.21683671 0.87406591
-0.81158147 -1.60733428
-1.16925028 0.68059689
1.51601939 -0.04126621
-1.04583807 0.56295082
-0.64538251 -1.71780659
1.43042528 0.01659667
-1.09962170 0.58364753
-0.65883762 -1.55607577
1.30993817 -0.08898655
-0.08481007 1.08026549
-0.70874287 -1.32470502
1.55735412 -0.36305635
-0.91282963 1.00678355
1.68015990 -0.13830252
-0.68223448 0.94988145
0.30387496 1.00076042
-0.62542988 -1.39548639
1.44087867 -0.19932929
1.51413420 -0.04233221
0.05124436 1.10897347
0.06560843 0.80441956
-0.93508396 0.71794773
-1.19155645 0.65451938
-1.27472389 0.78290400
1.68134616 -0.50278989
1.40227704 0.03970857
0.15677156 0.78695436
0.02668596 0.93936264
0.13903840 0.82096073
0.18083398 0.65629930
-1.00874113 0.91387935
-0.56470934 -1.62168420
-0.76870722 -1.46899712
-0.16256188 1.18943042
1.56369284 -0.16543119
0.07103143 0.98648152
1.61740277 -0.12050966
1.56837264 -0.02700800
-1.01398744 0.42149832
-0.60699285 -1.49523424
-0.06499030 0.92004831
1.21389203 -0.14232848
-1.01748649 -1.48150158
0.47395514 0.74523756
-0.06327933 1.07817234
1.87488262 -0.32073385
-0.35572704 -1.40143465
-0.88850783 0.82400314
-0.43974524 -1.66736053
1.50647213 0.07977200
0.32934177 1.00267084
-0.12490154 1.19150489
1.63592191 0.02689454
0.20410881 0.77465922
-0.92003132 0.88070901
-0.40476460 -1.47257982
-1.04711446 0.67044972
-0.63159475 -1.61187214
-1.07787505 0.88454945
1.60220439 0.14944461
1.26775254 -0.29657256
-0.02508176 0.88306489
-0.54402396 -1.81406756
0.15655956 1.22305924
-0.57472171 -1.44530156
1.66756825 -0.29713312
-1.50202340 0.84470557
0.07358692 1.14716182
-0.53915279 -1.64039910
1.52285966 -0.33481902
0.29468120 0.90940317
1.57099232 0.10168414
1.22738385 -0.05331085
0.16185889 1.20954533
-0.82655206 0.69545509
-0.33945465 -1.49293624
-0.45729294 -1.72847051
-0.64830854 -1.57253904
-1.14264268 0.68921032
0.07301358 0.86917890
-0.27080355 -1.58482393
1.43901470 -0.08980173
0.00226643 0.73172264
1.81797039 0.13653402
1.39747557 -0.05896077
-0.56563098 -1.70944684
0.06244364 0.88154588
1.57500166 -0.15801605
-0.97121352 -1.49227393
-0.38260202 -1.42689829
-0.93685721 0.70467970
-0.86691700 -1.87628687
-0.85622105 -1.73863128
1.64883842 0.17073014
0.24781597 1.09701222
-0.67104646 -1.47012555
0.16104570 0.83026035
-1.27563699 0.60912661
1.65638768 -0.08721941
-1.05123621 0.74921553
-1.16003018 0.84125097
-0.36476622 -1.69768596
0.23130082 0.86286381
-1.07278290 0.62833238
0.15985348 0.92736255
1.47219919 -0.30616347
-0.73446752 -1.61827673
-0.89566002 -1.49161532
0.01633953 0.93563369
0.21971502 1.01507009
-0.92914887 -1.81999796
-0.03396868 0.94304962
-1.26511399 0.89315075
-0.70106195 -1.56006657
-0.82103919 -1.30102910
-1.05652285 0.68423006
-0.56348180 -1.71705279
-0.37733022 -1.48152640
1.63638736 -0.19938902
-0.44047629 -1.58784582
-1.45019238 0.58891321
-0.52004418 -1.65049459
1.56080621 -0.30610109
-1.12589877 0.90804278
0.74915760 1.15204797
1.27995686 -0.01079884
0.18183001 1.06837644
1.59368814 -0.21275819
1.51097286 -0.34321964
1.39485599 0.13734179
1.51487197 -0.11117538
-0.97763026 0.73404948
1.54791797 -0.25866314
1.68254222 -0.33024663
-0.47858586 -1.64133170
0.15939905 0.99213813
-0.74026574 -1.59503373
-0.66090317 -1.54340108
1.47782123 -0.20980362
1.38520137 -0.18949240
1.20592728 -0.06330670
-1.12945938 0.44921816
1.56093481 -0.03687806
-1.13379972 0.52501867
-0.84434196 0.88342223
-0.52874297 -1.57543066
1.58794674 -0.21626020
0.38774653 0.98419105
-1.02397206 0.93939679
1.69934865 -0.17950186
0.60375817 0.67549391
1.51688823 0.13253295
-0.50259625 -1.48346556
-0.11792496 0.85856636
-0.72472425 0.63072475
1.68899460 0.06629321
-0.85998852 0.97658551
-0.47862755 -1.68329982
1.42409281 0.01737023
-0.97639291 0.65652336
-0.79524323 -1.40427063
-1.01674745 1.01301356
1.64184942 -0.40053181
-0.93251098 -1.82507764
0.55544962 1.25348521
0.23144767 1.06289227
-0.21086449 -1.57174538
-0.07196408 0.76273790
-1.16323272 0.86798655
-1.02644033 0.44805938
-0.22997174 0.95919918
-0.68033648 -1.51009777
-0.62987293 -1.39491901
-1.15403769 -1.41348032
-0.02932352 1.02355695
-0.89828780 -1.46683285
-0.53069478 -1.62203822
-0.63369283 -1.76946338
0.18233522 0.89308823
-0.27692369 -1.73857049
-1.08388162 0.76226865
-0.43455974 -1.75555196
-0.98006667 0.91752556
-0.04711338 0.78256214
-0.71710160 -1.82877689
-0.97392634 0.87439882
1.51590470 -0.37828245
-1.04581609 0.74835508
-0.94164445 0.80659997
-0.50442164 -1.65558296
-0.75679617 0.66039691
-1.22251194 0.77124078
1.76246278 -0.29273621
-0.33956487 -1.62631468
-1.05984730 0.67115862
1.75091231 -0.39302686
0.14158362 1.17091353
-1.12932124 0.68675083
-1.02510736 0.47110087
-0.87595493 -1.61303559
-0.95840203 -1.36110536
-0.47329751 -1.46801381
1.52901401 0.05397809
-0.92299310 1.03193099
-0.67276730 -1.22075032
0.38080699 1.09339025
-0.74198740 -1.53536211
0.17445043 0.79105606
0.56920251 0.66196036
-0.72425019 -1.36347343
-0.22686253 -1.49979788
-1.00722276 0.64509527
-0.79149540 0.92633811
-0.77312909 -1.15438835
0.02441762 1.00795463
-0.83016118 0.68444806
1.58559450 -0.34961723
-1.23229501 0.88552407
1.43749015 -0.53673346
-1.08760755 0.56911398
-0.54755249 -1.49653006
-0.80226782 -1.57145025
1.24804878 -0.50082272
-0.00938314 0.74808358
1.41440126 -0.23725252
-0.85042335 0.59665673
-0.73345396 0.65222839
0.07405447 1.05998453
0.40646178 0.87903245
0.19632482 1.03489626
0.00565278 0.88404081
-0.04037016 1.05039747
1.36023560 -0.03826518
0.34666581 1.03927811
-0.12850181 1.17727332
-0.91445721 -1.37734087
1.47679048 -0.19351388
0.01947394 0.74649605
-1.11532732 0.55648333
1.31224908 0.12957643
-0.38720996 -1.34235693
-0.78681071 -1.25716614
1.57225679 0.00678907
-1.07639789 0.86092947
1.43878463 0.08188881
-0.89503925 0.89941374
-1.17717340 0.40584678
-0.83607317 0.70705532
-0.82706514 -1.22029101
1.72648851 0.03656207
1.05329482 -0.27714613
1.64393691 0.21229138
1.47764797 -0.09382962
-0.02206528 1.09899873
1.40719889 -0.37443503
0.18184554 1.12796691
-0.38823165 -1.59595008
1.40466831 -0.14583764
-0.01298023 0.96392105
-0.73756883 -1.69644917
1.78651194 -0.04649803
-0.93051231 0.75563623
1.81854027 -0.30928913
1.31786537 0.01803135
-1.07512994 1.21311931
0.34420153 0.88137270
-0.71116727 1.05966174
-0.65351766 -1.76725523
-1.23565197 0.99947780
-0.75711756 -1.50726710
0.51835436 1.04901903
-1.24489018 0.74182716
-0.13165044 0.98435771
-0.91939783 0.78356538
-0.98958862 0.64889827
-0.54201515 -1.37532301
1.37315095 -0.07477713
1.29102542 -0.03624071
1.57295937 -0.29428534
0.21282054 1.09815921
-1.45416005 0.83886221
0.21103403 1.02869464
1.63194788 -0.07856804
1.41083736 -0.28785130
-1.00263228 0.88692154
1.41487367 -0.05864420
0.40441579 0.86050885
0.24193928 0.88347544
-1.23074305 0.75180630
1.53920026 0.01999822
0.46383370 1.09586356
-1.36107985 0.57507745
-0.70103802 -1.28944701
-1.08096141 0.54614930
-0.67299551 -1.37544185
-0.56571848 -1.39143235
-0.08780924 1.26562992
-1.34162644 0.84645950
1.65820057 -0.23974277
0.31977931 1.27605408
1.68152314 -0.28658974
0.52223780 1.00127250
-0.16070646 0.96455569
0.22839757 1.27276379
-0.98218309 0.64116701
-1.14366569 -1.19702949
-1.33807911 0.61924401
1.64725108 -0.16582413
-0.72932730 -1.23120450
-0.07651757 1.11986441
0.12196015 1.14872961
-0.90060170 0.65876886
-0.10590992 0.90630391
-0.85945027 0.74946604
-0.65979816 -1.58600658
-1.04448692 0.65528231
-0.79905978 -1.20317329
-0.81746686 -1.45911828
0.17622353 0.74609805
-0.94307563 0.61866194
-0.95920639 0.81424088
-0.98996919 0.78482273
1.67964841 -0.06906429
0.23217991 0.87048874
0.18626296 1.05549775
1.36518273 -0.07478556
1.24223214 0.03248688
-0.62232841 -1.14745045
-1.37812588 0.90499617
-1.24824938 0.92877104
-0.86590148 0.59705180
1.82666165 -0.23156559
-0.06174870 0.64805636
-1.25116139 0.66936410
0.20311373 0.66075059
-0.64486556 -1.47586835
-0.70051264 -1.63486533
1.33787733 0.01810936
0.16434863 0.93598973
2.01062175 -0.16532697
1.40425954 0.13917793
0.57303604 0.85098714
0.45849490 0.99187443
1.51724240 0.13632344
1.82407138 -0.23342346
-0.73709095 -1.74119695
-0.25768840 -1.65919480
1.78978370 -0.00247404
0.01894465 0.99741391
-1.24835733 0.63810909
1.54435831 -0.03420353
1.49348280 -0.21810990
-1.13269844 0.72707603
-1.23091748 0.62311755
-0.66616397 -1.77185733
-0.64838022 0.53332882
-0.14226359 1.00588127
1.55521394 -0.07142928
0.12158141 1.03039615
-0.73404327 0.91345126
1.58875133 -0.07712495
-0.90581327 0.63417263
-0.71741849 -1.59388009
1.65881093 -0.07911773
0.14268326 1.03751200
1.64386573 0.00517178
-0.79056816 -1.41451418
0.36474953 0.69280932
1.27811963 -0.35663193
0.21601840 1.10539651
-0.84684976 -1.58554157
0.27199226 1.15459931
-0.90829887 0.85607516
0.00694170 1.01229900
-0.88967694 0.50353158
-0.41748882 -1.53102496
-0.62365399 -1.81079731
-0.97408199 0.78170544
-1.49035909 0.54255123
-0.94316968 0.66224403
-0.10271298 1.06324084
-1.07558970 0.92301827
0.20998261 0.89253498
1.45965933 0.11629397
-0.59217823 -1.45929131
1.47808328 -0.29480341
1.27993308 0.12997910
-0.14246087 1.00287696
1.71935021 -0.07459698
1.68928356 -0.20201796
-0.77206104 -1.50003941
-0.37689598 -1.36809726
0.20601115 0.97542753
-0.71022892 -1.60671813
1.48987944 -0.27736982
-0.85634515 0.77181441
0.20941102 0.66815215
0.17779818 0.86537640
-0.24071250 0.88953353
0.00955334 0.89336244
1.52704932 0.11747716
1.75208569 -0.21510943
1.84041499 0.01184351
-0.83421260 0.71928836
1.63333769 -0.18239664
1.50791515 0.02826544
-0.33785256 -1.53097531
1.47651759 -0.25881193
0.02728346 1.08184906
0.31802931 1.07387646
1.17330394 -0.35415859
0.23312402 0.82345941
-1.33966401 0.52387787
1.54183282 -0.22375709
0.14870653 1.02784962
0.07965375 0.99427822
1.82139862 -0.16049103
1.71986180 -0.38702350
-0.81459185 0.81666578
-0.92819331 -1.59841383
-1.12918936 0.73575030
-1.01037822 0.53968817
0.29394227 0.71610757
-1.52219975 0.65802269
1.16761186 -0.20608491
0.36943496 1.14155383
1.61884860 -0.30597065
-1.15925624 0.73470488
-0.80848070 0.79652944
-1.25839530 0.72097586
-0.00755487 1.05190471
0.10339324 1.09451288
0.33753837 1.02587105
1.33098407 -0.41403494
1.35984451 -0.21135681
-1.06694287 0.85568734
-0.55988003 -1.30273952
0.31387594 0.82832450
0.17204616 0.86945475
1.47238683 -0.32654808
0.11668869 0.85315885
0.25341302 0.96179845
-0.22192392 1.00316742
-0.77548629 -1.53310684
-1.04485748 0.58443647
1.26704195 -0.03141179
1.79884426 -0.11863994
1.56123229 -0.17303338
-0.45330144 0.80997607
1.53489023 -0.25322006
-0.65317266 -1.88136763
-0.58139732 -1.21712341
-0.89075706 -1.85006045
1.39952801 -0.14243798
-0.90819100 0.65039371
-1.24292110 0.77199195
-1.07833741 0.67951918
1.38953802 -0.37472225
0.41175360 0.97676959
-1.08388261 0.55057530
-1.15412154 0.92294833
-0.90283688 0.78601191
0.07375692 1.01044225
-1.20783544 0.57172523
1.41380968 -0.02947689
-1.26337828 0.24538201
-0.55140691 -1.72574005
-0.47825419 -2.02465338
-0.81759578 0.76263189
-1.25800773 0.67275641
-1.30835540 0.69039542
-1.19824788 0.71739939
0.16584946 1.20533157
-0.59420344 -1.16479105
-0.78483843 -1.61081164
0.58000338 0.84445340
-0.64808510 -1.77539765
0.44455698 0.89072774
1.41848019 -0.04901544
1.33297881 -0.19485040
1.12744125 0.12067123
1.64582825 0.06206744
0.44222722 0.93739551
-0.66204459 -1.68276099
-0.62775286 0.67559222
-0.87805802 -1.90604860
-0.00321767 0.75279098
-0.85945248 0.78551844
0.45316236 1.05940217
1.54001948 -0.17483899
-1.14519151 0.71846854
-0.12569661 0.89615825
-0.92443526 -1.71757446
-0.79263096 0.43840236
-0.40363547 -1.47355290
-1.08357284 0.59994630
1.33526479 -0.17006996
0.14137273 0.92537693
-0.94856787 0.56861776
-0.80169321 -1.66831889
1.45436492 -0.15908624
0.46512821 0.77592339
1.01917673 0.02415078
-0.95773317 0.84787895
-0.73763901 -1.53308625
-0.35736015 -1.74545306
-0.97932375 0.66339171
-0.47358139 -1.17328669
1.59415856 -0.24636708
-0.55497684 -1.42638871
-0.28507052 -1.54076784
-0.90022755 0.80183767
0.13268985 1.03788521
1.76062281 -0.48081249
-0.72952608 -1.60257295
0.38371566 1.09972917
-0.79166392 -1.75783342
-1.01745317 0.96287449
1.56319158 -0.47576184
-1.15718618 0.69774575
-0.70097737 -1.42156318
0.07842269 1.11005789
-0.34775285 -1.63576778
-1.02788213 0.83971612
0.15145055 1.12581254
1.18512923 0.08869524
-0.85641836 -1.41245101
-1.08625094 0.64512773
-1.06120728 0.77508881
-0.64430867 -1.63106441
-0.78970126 -1.77365285
-1.09188230 0.56146419
-1.17557227 0.46214001
1.46498779 -0.11503479
-1.23406046 0.71349612
1.59859277 -0.21716909
0.49926763 1.03803373
-0.85675401 -1.90612830
0.31987154 0.77863127
1.40220991 -0.23472172
-1.05760395 0.64461930
0.33958848 1.27806820
-1.00380901 0.64730690
1.52705228 -0.09454340
-0.67186989 -1.47440177
-0.16480375 0.88370472
0.48436802 1.11408512
-1.10149476 0.57664811
0.00770268 1.30726139
-0.54661008 -1.74492008
-0.69668292 -1.54251635
-0.98395204 0.58370582
0.47323296 0.75322149
-1.06576488 0.71591684
-1.12381811 0.68616664
-1.03683601 0.58750125
1.80957870 -0.01001625
-1.15731332 0.76133336
0.20665183 1.18197465
1.55605360 -0.17935527
-0.42274780 -1.45514530
1.41720569 -0.08981587
1.71500038 -0.24204431
1.42375087 -0.07192018
1.37632545 -0.34858670
-0.72908229 -1.49487602
1.57521513 -0.35370732
0.35953171 1.12200530
0.00370786 0.92408318
-1.05954937 0.70666250
1.42085145 -0.27417998
0.16437341 0.98091421
1.48150486 -0.14571083
0.12086016 1.08733806
-0.87670880 -1.79231414
-0.44957172 -1.84012573
-0.99251617 0.77827605
1.57867707 0.18113228
-1.01924158 0.47417598
0.12377882 0.89475948
-0.35042087 -1.49958189
1.26111849 -0.26662129
-0.89408380 -1.51311995
-0.65256495 -1.57833019
-1.16374213 0.98690808
1.60528339 -0.11686367
-0.97930693 0.68010485
-0.93499058 -1.28340508
-0.90134542 -1.79619506
-1.21722858 0.74168709
-0.85525299 0.78360522
0.56713304 1.13814951
0.38380788 0.84247751
-0.88982457 0.42467457
-0.85722140 0.96142327
0.14301236 0.80824420
-0.70338611 -1.58326528
-1.00022981 0.58367738
1.33957008 -0.15761290
0.38777372 0.89856084
-0.34893756 -1.65087792
-0.66928868 -1.42876998
-1.06634550 0.83302049
0.11211893 1.08790316
0.08877402 0.73991277
-1.09003022 0.95872117
-0.27329856 -1.67251300
-1.06066449 0.67671931
0.06248997 0.84691455
1.47503360 0.08996346
-1.13094393 0.70134914
1.43860748 -0.11903320
1.61506095 -0.11427952
-0.60518101 -1.42956164
0.53718052 0.97904474
-0.61726010 -1.51122494
-0.93407275 0.65651077
1.34789252 -0.36566346
-0.63951523 -1.50432224
-0.59208979 -1.66647703
-1.02746420 0.88903415
-1.26789120 0.85030721
-0.64272641 -1.58687898
-0.46290593 -1.56869630
0.12677753 1.02153065
0.23213417 1.21881405
-0.63984846 -1.61633471
-0.49781593 -1.46120977
-0.69114500 -1.49561530
1.68220547 -0.07673774
0.38467701 0.97505109
-1.16523535 0.41157526
-1.12247039 0.59317839
-0.37473481 -1.24247761
-0.69363149 -1.56020871
-1.24126374 0.53328574
-0.44254389 -1.44784233
-0.75247166 -1.70372360
-0.58062024 -1.67068256
-1.23111327 0.59551997
-1.00472276 0.86337317
-0.80481640 -1.41976593
0.34488226 1.07734868
1.60726136 -0.23010387
-0.78335687 -1.27121010
0.29312279 0.92391495
0.25945364 1.11155072
0.14200444 0.93816242
-1.16283922 0.77256880
1.41402534 -0.13053368
-0.62538556 -1.41375620
1.96092894 -0.20789184
-0.11213395 0.74885580
-0.47211392 -1.52445312
-1.21876692 0.87692482
0.18195941 0.85008372
-0.08932233 1.00482785
-0.68493001 -1.15095639
-0.82692069 0.85483405
1.50938351 -0.05097149
-0.77781938 -1.97595625
0.18497334 1.07906217
1.70206112 -0.23233608
-1.15536787 0.77844854
0.26136772 1.58812650
-0.94950847 -1.53329692
-1.16369207 0.57614294
-0.45779844 -1.37316006
-0.99023230 -1.57824244
-1.40106761 0.73768630
0.02980450 0.92113949
-0.92253313 0.64468323
-0.56605833 -1.70590391
0.17483503 1.36643174
0.01259230 0.95511206
0.09817156 0.84541406
-1.41736990 0.82298503
-0.77283362 -1.66971057
-0.85085550 0.63478946
-1.08330839 0.64792109
1.53277670 -0.28257962
-1.06602682 0.54816766
1.54527780 -0.12601966
-0.01155211 1.22071236
2.00431430 -0.23470127
1.67304987 -0.08211821
-0.87502086 0.48890229
0.30555437 1.07080373
1.52619523 -0.15384968
0.07220900 0.94379628
0.07520681 0.89911064
1.74572501 -0.10940733
-0.87277344 0.69123600
1.64504243 -0.41509809
-1.38385402 0.45090416
-0.69447601 -1.75789053
-1.07181699 0.58480488
-0.82380256 -1.56309062
0.22252842 1.20881332
-0.66164899 -1.68540241
-0.79402854 0.70000639
-0.81488243 1.11682312
1.54884362 -0.26170564
0.00631827 0.92214089
1.51731350 -0.23670460
-0.70142114 -1.68313231
-0.52131175 -2.01704075
-1.38345791 0.61707074
-0.09873693 0.82378724
1.52893287 -0.14525287
-0.93798913 -1.84349146
0.28616372 1.19178527
-0.97091282 0.99693952
1.50541433 -0.10548226
0.27307035 1.02307875
0.05803952 0.78229549
-1.04602712 0.98641997
-0.65735554 -1.47803909
1.86556940 -0.04775322
1.64804340 -0.15886910
1.51638477 0.02603269
-0.70441250 -1.52786054
-0.59546735 -1.49393855
1.57681136 -0.32957368
-0.46844779 -1.64794967
-1.00870428 0.77416720
-0.68438221 0.87597804
1.53716112 -0.22621134
-0.46153327 -1.48681353
-0.60937568 -1.29096171
-0.83132576 1.01611180
-0.60964704 -1.43240034
-0.79627065 -1.51803836
-1.24477526 0.23754992
1.57793326 -0.09663750
-1.18205319 0.49304379
-0.95205013 0.69796838
-0.78715198 -1.49940128
-0.96428587 -1.63085853
0.26136535 1.05539359
-1.22565770 0.48353523
0.47634409 0.93368439
-0.56054088 -1.84348412
-1.26794602 0.72646177
0.15975776 0.81346359
-0.83986888 0.73927307
-0.70790200 -1.69825382
-0.79020044 0.68481704
0.23644729 0.96820191
-1.04435168 0.64166642
-0.86731688 -1.47692861
1.56580781 -0.22638544
1.57856173 0.24174570
-0.42046689 -1.31341117
-0.72474749 -1.34305649
-1.04745789 -1.50287103
-0.13997694 0.87778737
0.22477555 0.84143267
-0.00586153 0.84325485
0.13449741 1.06728514
-1.05594460 0.77583151
-0.79998108 0.56545575
-0.48474788 -1.20986053
1.64635363 0.19514949
1.56215281 -0.39183936
-0.56511600 -1.44142808
0.17665616 0.91194113
-0.68154660 -1.48493028
-0.77880312 -1.72445793
-0.48134486 -1.61437948
-0.46050311 -1.46536348
-0.66277195 -1.56400717
-0.63758315 -1.56206623
0.22505101 0.95265391
-0.88085746 0.79088704
-1.32707734 0.82492290
2.01314748 -0.14055212
1.63004971 0.02243941
-0.77586446 0.66375979
-1.03618424 0.92897657
0.28241400 0.83665784
1.45486835 0.03497202
0.11600832 1.12843375
1.61467484 -0.09676429
-1.19067438 0.60459801
-0.00478524 0.99794543
-1.34808401 0.88949064
0.32041785 1.10321487
-1.14276354 0.83258165
0.04036006 0.80085607
1.63464211 -0.20732600
-0.85505977 -1.59839272
-0.61055481 -1.68289788
-0.71544913 -1.30609824
-1.55510388 0.81181087
0.21913515 0.85944274
-0.53341027 -1.40990918
1.41986983 -0.08631783
-1.11160752 0.87736622
-0.96282089 0.66516206
-0.92786324 0.23451235
-0.68929529 -1.70677182
0.04909941 0.92687830
1.32924731 -0.03698134
-0.86697536 0.57550682
1.23330163 -0.26039529
0.43026866 0.74975131
0.22660117 0.85399644
1.37832888 -0.43797168
-0.41543402 -1.47380504
0.31796533 1.18980818
0.22875189 0.69212315
-0.94301708 0.73230752
1.42512678 0.07486264
-0.64618127 0.55696607
-0.72877574 0.82206239
1.44360115 -0.19495958
0.26218560 1.21796880
0.16080779 0.80465930
-1.01735148 0.79164520
-0.02802715 0.77969309
-0.65586687 -1.87774038
-0.36111209 -1.49019026
-0.44182731 -1.75841858
1.63920227 -0.12022678
1.68348427 -0.25412746
0.05980256 0.99111623
0.03399558 1.01047476
1.49174951 -0.12659215
-0.52969627 -1.55426420
0.22503533 0.91197804
0.16803901 1.05287464
1.70156541 0.05287770
0.14967525 1.13353332
-0.52480434 -1.50173793
1.13577548 -0.31084192
1.20154006 0.09404116
-1.18055414 0.57437824
-0.20168591 0.96918808
1.48799124 -0.22016013
-0.67706066 -1.48643977
-1.02804666 0.78597377
1.52042048 0.03960913
-0.48747333 -1.79946955
0.11104495 0.60614401
-0.90604869 0.74086495
1.01044069 -0.15866331
-1.12191015 0.88689096
-0.71458641 -1.40873092
0.28022591 1.09427970
-0.44046487 -1.65984385
-0.63591138 -1.78811213
0.22640128 1.12906784
-0.55447347 -1.45067924
-1.07125874 0.81076817
-0.80807413 -1.36533202
-1.21311504 0.59934579
0.44921127 0.98524031
-0.73405424 0.84674685
1.26482150 -0.03093481
1.72094539 -0.23137425
1.55814659 -0.11039659
-0.56865998 -1.65408678
-0.98586590 0.74518970
0.17560554 0.80146288
0.43946750 1.12647125
0.04889623 1.26895169
1.28542963 0.08035394
1.55990321 -0.14259149
1.47960792 -0.03891990
0.00361191 0.87778455
1.58210683 -0.42285999
-0.87078009 -1.61125121
1.74220357 -0.26219317
-0.27591600 -1.36975589
0.28211957 1.07367171
1.34291429 0.26999934
-0.78409824 -1.59238373
-1.14774918 0.67027341
