-0.74308378 0.64131865
1.40106380 -1.13378612
0.65675766 -1.37718359
1.09119328 -1.13930824
0.90248149 -0.10504987
1.21256994 -0.84420029
1.10832758 -1.11218157
-0.91458449 1.14617636
0.69019494 -1.36059048
-0.97620309 1.44423869
0.69463134 -0.86547825
1.16402247 -1.32617877
0.28027324 -0.35275876
-1.51069564 1.00269913
0.49665755 -1.00878779
-0.93503713 1.09275436
1.24825218 -1.26731515
0.91494825 -0.97775356
-0.99139220 1.34691935
-0.38957813 0.74081222
-0.96590757 0.96440361
0.73137036 -0.98271305
1.27749226 -0.56407634
-0.79414892 1.32729142
0.27198711 -1.06031515
0.96620501 -0.90803871
-0.48496389 1.12746132
1.09534163 -0.68730646
-0.69045266 0.54361139
-1.11338193 0.98196026
0.79621960 -1.69321314
-1.32805408 0.69926834
0.75814619 -0.73606570
-0.95429535 0.72334877
0.37353778 -1.17924559
-0.80817513 0.86651141
1.20568934 -1.38949732
-1.37663957 0.76152577
1.09998577 -0.95719021
0.89861010 -0.67048545
-0.97662111 1.01581278
1.41669677 -0.92744584
-1.29921001 0.58894419
1.20953298 -0.37483969
1.24795646 -1.01483977
-1.17941264 1.08095589
-0.96237258 1.41180614
-0.65085019 0.82268176
0.97462851 -0.57609872
-1.38338460 0.97032951
-1.08710048 1.00479567
-1.34257463 1.10607943
-0.89219408 0.64247674
-1.02315738 0.81614002
-1.25738088 1.24066993
1.09849597 -1.24766640
1.10357548 -0.53467506
-0.65521742 0.95431378
1.00306410 -1.07875595
0.85735795 -1.07768276
0.53324932 -1.09933478
-0.90771218 0.82005330
-0.73398411 1.32372372
1.02311885 -1.07601737
0.89795806 -1.02332186
-0.72169619 1.04176979
-1.01215525 0.99178748
1.14093368 -0.91775199
-0.96945375 1.35785469
-1.35586084 0.56505449
0.82586167 -1.41964668
-1.52204534 0.92703424
-0.91286676 0.53532379
-0.96382592 1.35060324
0.96820701 -1.52419353
0.88488454 -1.21331808
-0.80252291 1.15949417
-1.67023787 1.17717515
0.92719807 -1.08338104
-0.51462501 1.19357731
0.94405079 -0.65978844
-0.98413245 1.21375902
1.41443737 -0.86198443
1.14090531 -0.71910323
-0.46121796 0.99943818
-1.83700313 0.67023632
0.78675908 -0.99195577
0.97200659 -1.53043567
-1.15630225 0.56478060
0.36794225 -0.74910859
0.90524389 -1.10623007
-1.23284279 0.91696655
-0.59092036 0.56659558
-1.08703335 0.43268985
-0.86894984 0.69343978
-0.55863379 1.09947346
1.03998351 -0.92948072
1.08879784 -0.93247846
-0.97692730 1.38111078
-0.44014452 0.96118644
1.36163455 -0.64714913
0.70788362 -1.16129218
-1.17747507 0.86307512
1.30018730 -0.55303989
-1.36402780 0.75385530
-0.89566030 1.19577142
0.52664634 -0.73603442
0.98396540 -0.83036430
-1.08652618 1.05510007
-1.00804114 1.11303926
-0.95508683 0.77259312
0.69886732 -1.02134887
1.27853204 -0.82195902
-0.55209190 1.44460107
-0.94697486 0.76557470
-0.69117414 1.08126591
-0.80047209 0.52036496
0.91845490 -0.86659482
1.14614310 -0.96752365
-1.12057184 1.10871904
-1.08538616 0.98740172
-1.04111572 0.31946190
0.77751333 -0.49433657
-0.81063643 0.85285267
-1.23067045 1.07838456
-0.76420130 0.69830366
0.77019811 -0.90518264
0.68565115 -1.28480080
0.94679950 -0.82272952
0.94563823 -0.83008847
1.22795756 -0.67242529
-1.32369004 1.00555657
0.85298421 -1.21220966
-0.89444521 0.60094517
-0.87152107 0.76125078
1.16381427 -1.46188373
0.55408962 -0.93144109
-0.91851666 1.01965839
-0.62449477 0.78907537
-0.88389263 1.35659498
0.61971006 -1.14446037
-0.97610282 0.80229506
-1.01892835 1.03430040
0.58944991 -1.24856414
0.66307173 -0.91609612
-0.94395830 0.86940514
-1.23674304 0.74068867
-0.14119711 1.25890754
0.95648671 -1.18167545
1.25252645 -0.72162266
-1.06416807 1.26982310
-1.17467704 0.88648041
-0.79596905 0.49529785
-1.08807497 1.12252097
1.30431235 -1.01420478
1.59578573 -0.99760700
-0.83181765 1.18921586
-0.83290973 0.68309516
-0.55128822 0.67738441
-1.03508299 0.60889825
-0.46669470 1.08160513
-0.94152367 0.82457640
-0.71625571 1.30063698
1.03654749 -0.61373690
-0.90189856 0.79662410
-0.83494875 1.00225482
1.06596635 -0.79147940
0.58414999 -1.04350071
-1.08712230 1.18664685
-0.74477056 0.34438912
-0.74716487 1.09078711
0.87885594 -1.22648259
1.10071625 -0.96091760
-1.36404504 1.26554644
1.05923522 -0.98842994
-0.80985055 1.55294097
1.05802593 -0.80408489
-0.87034580 1.37380523
1.39968775 -0.86673580
1.02691848 -1.05287447
0.66818602 -1.27497487
-0.78317897 0.50869810
0.37786874 -0.12024989
1.39897191 -0.87342092
-0.99649680 1.06180270
-1.05926361 0.84951696
-1.29523276 1.14727319
1.04172852 -1.06289535
-0.68110712 1.27255943
1.06804401 -0.73359168
-0.98935714 1.25828177
1.21433221 -1.07097599
-0.69730863 0.79310595
-1.28937502 0.85965953
-1.25738270 1.12062249
1.12593701 -1.41461903
-0.84033664 0.93150732
-0.71938198 0.90073519
0.98481724 -0.44941169
1.18178745 -1.14188302
1.05815065 -1.16063062
0.68302316 -0.89892303
0.99917614 -0.59958223
0.85365817 -1.28921607
0.70842842 -0.89272667
-0.79486082 1.31645160
1.22528089 -0.31189980
0.90069333 -0.71113306
-0.62738018 0.75719813
0.78954997 -0.89398348
-0.79985231 1.12402990
1.02836893 -0.91030953
-1.08867623 0.28597565
1.24631408 -0.44407993
-0.63296815 0.38221000
-0.87672987 0.83841435
-1.12545140 1.18478067
-0.65397825 1.02136081
-0.97241693 0.67623798
-0.98728634 1.12192300
-0.91720177 0.74409737
0.63455045 -0.65568349
-1.05190679 1.15989546
-1.07252401 0.54966443
0.85288525 -0.93107855
-1.11214149 0.73780370
-0.97808963 0.55865386
0.96260669 -0.51637365
1.22735042 -0.91622180
1.11552497 -1.26261631
0.52941392 -1.29116486
0.98870964 -1.46734974
-0.82841760 0.75223543
0.26564580 -0.72524881
1.08264454 -0.78000995
0.97152005 -1.33405974
0.88140187 -1.03569861
0.98382198 -0.53569596
-0.81261426 1.03696452
0.77946281 -1.34506939
-0.88033506 0.91577048
-1.03972670 0.68276335
-1.41524511 1.10069534
0.62632519 -0.81706313
-1.24132913 1.14599863
-1.09863969 1.23820099
-1.17211030 0.45593471
0.76174042 -0.99709912
-0.76680264 1.11909441
-0.94066196 1.15781363
0.84579185 -1.23505415
-1.13451403 0.79898583
0.68728889 -1.04346440
-1.08005800 0.87413402
-1.13833664 1.27797424
-1.31084256 1.19105607
-1.22205484 1.67428142
-1.23887981 0.49712743
0.89482281 -1.21531528
1.52975083 -1.14809863
-1.13843131 0.80570739
1.21877163 -1.10029720
-0.55111341 0.98326504
0.54154719 -0.63511678
-0.93163647 0.75927078
-1.09754606 0.97398438
0.60352177 -0.66305645
1.11049036 -0.74746284
-0.99834500 0.86882955
0.91568886 -0.96068517
-1.04989682 1.01167652
-0.87959423 0.89134529
0.93831779 -0.85080466
0.75168958 -1.34422721
0.77823175 -0.69898853
1.15454118 -0.90457934
0.86108133 -1.09261692
-0.91963427 0.58485644
-0.65088854 0.97004273
-0.95169613 0.63767689
1.51125477 -1.02011386
-0.89758346 1.16617042
-0.87980737 0.60798382
0.92288185 -1.02814017
-0.86426309 0.94252702
0.99126741 -0.88157859
0.98299290 -1.24896361
1.17646042 -0.83166901
-1.43014010 0.79711588
0.97114756 -1.42164083
-0.68892448 0.81146805
0.67056686 -1.52169219
-1.23309273 0.79601480
0.80367493 -0.95629394
-1.05741144 1.40976997
1.49113432 -0.94429779
0.62201308 -1.38386227
-1.09588536 0.90052739
-0.95131468 0.77387361
-1.13496428 0.95866793
1.13776030 -0.71948684
0.91487002 -0.75916159
1.01899018 -0.85337126
0.77824023 -0.72702797
1.08858264 -1.05305066
1.25914128 -1.45946251
-0.74355869 1.07758188
-0.91476585 0.68287069
1.13280674 -1.11575313
-0.64358714 0.72719674
-1.42697843 1.32323897
-1.11628427 1.46801637
0.90119149 -1.01743159
1.28031241 -1.31391958
0.71277776 -1.10190014
0.63055649 -0.94253840
1.10141187 -1.06291702
0.38157671 -1.14867717
-0.97662832 0.63061827
1.39093849 -0.77801939
-1.20446892 0.99371262
-0.54175857 0.61163509
-1.52593253 1.41730280
0.96888218 -0.84012426
0.71532935 -1.20882438
1.50404477 -0.65000347
-1.15924301 1.13810231
1.07323004 -0.38733837
0.94588751 -1.08846265
0.74001271 -1.34730528
-0.97954607 1.01831817
0.96970361 -0.66276774
1.16554577 -1.42557950
0.89974398 -0.92208563
-0.79285423 0.92427319
-1.23907481 1.03778746
-0.91416495 0.91186680
-0.54725714 0.93345092
-0.80883155 1.25592258
-0.54358420 1.16221985
-0.97292281 0.98371884
-0.90986946 0.60945958
-0.74920946 1.12438227
-0.79943708 0.71615295
1.27640268 -0.94287508
-0.65644314 0.72616801
-0.77637586 0.64270929
0.94517418 -1.18694962
-1.03696744 0.53878371
-1.39835213 1.00736940
1.10643309 -0.89233210
-1.34497449 0.73793770
0.56941079 -0.56956294
0.94419223 -0.75725112
-0.70320368 0.89274881
0.90794097 -0.79745560
-0.65894446 0.75843180
1.21869092 -1.77701598
0.99079747 -1.07434075
1.39148871 -0.70451943
0.88184878 -1.43993231
-0.89061188 1.04333640
-0.82515884 1.34731787
-0.87649006 0.83747780
1.15646010 -0.64490550
-1.28696206 1.13177504
-1.10945846 1.09243273
1.35142178 -1.05622936
-1.46125322 0.60016858
-0.84823005 1.16419658
0.97918148 -1.34807203
1.23252070 -1.12874690
0.96911421 -0.74763909
-0.98058653 1.13679033
-0.79762852 1.21853990
0.31689140 -1.25902989
-0.87561546 1.46664729
0.73367665 -0.86535140
1.50741996 -1.23422341
1.22568124 -0.81909545
0.80325092 -1.16619522
-0.88867809 0.75536346
0.99399220 -0.98095017
-0.94057635 0.81326395
0.82376803 -0.98575470
0.90458848 -0.73915860
1.21816437 -1.18958095
-0.83825138 1.01297626
-1.10805249 1.08587242
-1.40401258 0.96470683
-1.39863035 1.00219928
0.65485489 -1.57290913
-0.82726852 1.03304763
0.92872273 -1.01521492
-1.14189330 0.81775327
-0.35048007 0.85187891
1.14126570 -1.10135871
-1.37498802 0.81854715
-1.18880985 0.86326065
1.45657478 -0.55805568
-1.03014199 0.88721671
1.20589150 -0.51210067
-0.86839307 0.84350440
1.00811177 -1.18825594
0.98450732 -1.09968908
1.26905251 -0.78438236
-1.20837488 1.08657110
0.97302742 -1.38198876
-1.13554075 1.44915096
-0.70882393 1.06484199
-1.09056909 0.71816094
-1.01059032 1.06244496
-0.53032858 0.57256741
-1.17100309 0.99279793
0.73953127 -1.15225363
-0.28929449 0.80574258
0.78632076 -1.06483610
1.03377268 -0.51440664
0.66323379 -1.78390638
0.94379128 -1.22392425
-0.82051878 0.89598771
0.78932339 -0.85307442
-0.96594252 0.88709311
0.79514283 -0.82017960
0.57456393 -0.50140244
0.88417923 -0.54045508
0.91064486 -0.94730679
0.92721978 -0.27347160
-0.57405541 0.88951231
0.41595334 -0.87908121
0.83088313 -0.63005581
0.98129982 -1.37669680
-0.98663612 1.22704570
-1.25377574 0.91241071
-0.58616848 0.79479335
-0.90409505 1.16316176
1.24224281 -0.95488313
0.96005259 -1.19319930
0.76082950 -1.39740950
0.77758394 -1.20122194
-0.46233454 1.32091820
-0.68332079 0.46860416
1.29051889 -1.21961353
-0.74661140 0.61629508
1.02258214 -0.84210508
1.15304210 -0.87713125
-1.21503414 0.58036987
-0.88786031 1.02318243
-1.12176822 0.98500450
-0.97670257 1.43771563
-0.57794740 1.21489259
-0.87814890 0.74599093
-1.33740996 0.75081144
-1.08685065 1.35056217
0.78305801 -0.87311011
1.27196841 -1.02531424
-0.74175522 0.77231206
-1.53719283 0.80714667
0.99379966 -1.26395692
-0.31107662 0.98698454
-1.42143234 1.37147514
0.86794121 -1.18830730
0.66584868 -0.86418555
0.83650822 -0.66645594
1.41577140 -0.36913487
-1.00163707 0.68913980
-1.26856046 1.05650292
-0.94269353 0.40577410
1.03338998 -0.75780825
1.21102968 -0.86449108
1.08871527 -1.12805104
-1.03179805 0.84858892
-0.82796482 1.37235064
-0.77741236 0.79706667
1.57322398 -0.87379261
-1.22622035 1.13987431
-0.74644352 0.97163510
-0.98800228 1.04517471
1.24227212 -0.85144787
-0.82911827 2.00935471
0.57033512 -1.46525460
-0.85651784 0.79672132
0.92403431 -1.03770954
1.05209001 -0.98982125
0.90579148 -1.11140918
0.82137889 -1.24354348
0.86529966 -1.20035261
0.85103783 -0.68284707
-0.71880495 1.47577565
1.00472361 -0.66640333
-1.18793063 1.01841366
-1.31343357 0.59591222
0.81974057 -1.28920166
-0.89474626 0.93771011
-1.38498532 1.11789719
-0.90628308 1.31040834
-0.85777321 0.48402297
-0.88956290 1.52135018
1.02265342 -0.89345744
1.32392434 -0.82862765
-0.78213688 0.84134032
1.30728506 -0.82906156
-0.79061563 1.50344914
0.83196703 -1.22472821
0.99616039 -0.86044217
-1.02927831 1.14266256
-1.09165760 0.82362791
-1.22677112 0.93840389
0.94437264 -0.39357992
-0.88035717 0.84577141
-0.87535536 1.07691553
-1.14880241 1.44599116
-0.97060057 0.70514350
-1.19262657 0.78692787
-0.57076979 0.80920179
-1.46928066 0.85498845
-0.73357659 0.86198727
-0.89861730 1.22132310
0.97886637 -0.99897281
-1.63049989 0.73269927
-1.30312441 1.34792082
1.50773610 -1.17101792
-0.91140181 0.39090167
-0.95006710 0.65558596
-0.72593621 1.03587979
-0.52043870 1.23002128
-1.31732648 1.13537713
1.35358743 -0.74833978
-0.71555663 0.80981284
-1.20598679 0.72750574
-0.52931012 0.55882787
-1.11728303 1.05507574
-0.57906514 1.00547243
1.11532533 -1.27102451
0.93369796 -0.89151770
1.29891366 -0.98806544
0.90715369 -1.18631563
-0.34625127 0.43880608
1.26567721 -0.88029327
-1.51417892 0.67471220
-0.87131396 1.10547957
-1.12207236 1.15891304
0.64457229 -1.03495990
0.94569678 -1.06503107
1.04945699 -0.47707349
-0.71229925 0.79310271
-0.71133923 1.13035761
-1.18424749 0.81373584
-1.00971083 0.83429465
-1.14221355 0.96451840
1.03210977 -1.18888924
0.63225402 -0.89671855
-0.66067525 1.15796352
-1.16328466 1.01093745
-0.47120737 1.26082683
-0.74674147 1.47230955
-1.02727351 1.14754833
-0.39205694 1.12556023
0.22558301 -0.79566121
0.94352467 -0.49517657
-0.88472596 0.48194040
-1.01745547 0.83076641
-0.96357708 0.94488001
-1.21602617 0.93516010
-0.59184307 1.20538222
1.14748751 -1.00394900
0.98372195 -0.83261231
1.14473492 -1.08415591
-0.98504491 0.61899342
0.80006791 -1.03923290
1.45354587 -0.68523599
1.03356273 -1.08932209
-1.10757026 1.23953221
-0.74584094 1.17487071
1.11016902 -1.78913372
0.62099779 -0.84540702
0.93617838 -0.90338148
-0.90158574 0.81231187
1.03761893 -1.02231399
-1.03142848 0.70231287
0.67610020 -0.47270536
0.96110439 -0.94882932
1.19677410 -0.88665062
0.49921156 -1.20305555
0.80283423 -0.27937765
1.21938109 -1.16591978
0.53164908 -1.12704936
-0.89307358 1.17862509
0.65782082 -1.06866329
-0.73325570 1.00184458
-1.02625635 1.04955704
-1.19065007 1.08094139
-1.03363655 0.76425057
-1.31087609 1.43332071
-0.81443605 1.07443212
-1.21095325 0.56372559
0.90450295 -0.51179999
0.70208237 -0.91633716
1.24372494 -0.81453449
-1.24562579 0.89924247
1.23426586 -0.92049145
-0.94655528 0.71501989
-0.86772964 0.78566689
0.89425747 -1.25283798
-0.39790302 1.23498970
0.78841018 -0.48041611
0.91641854 -1.49848881
0.97286364 -1.00893881
1.23961889 -0.97593494
-0.53983478 0.81113876
-0.76917108 0.99855693
1.18786116 -1.00315840
0.96401741 -0.97064119
-0.93666528 0.99277266
-0.93685587 1.13330635
-1.03572939 1.36445783
0.45822146 -0.84230653
1.35699237 -0.80858355
1.12228986 -1.29562320
1.18469166 -1.35135431
0.57806086 -1.43356628
-0.81247603 0.89575357
1.32233195 -0.82695309
1.34564806 -1.03926085
1.04498757 -0.84746963
-1.05927083 0.73122152
-1.67861600 1.25120085
1.07432595 -1.16786791
-1.23724657 0.61812236
0.79483226 -1.26040989
0.99824974 -1.08256194
-1.02660309 0.95888616
1.08807197 -0.60461890
1.24033628 -0.99235985
-1.19452408 0.53557005
1.01113174 -0.69428306
1.03759520 -1.05107562
-1.10519401 0.66067412
-1.17493569 0.60975724
1.19730776 -1.41300138
1.26950379 -0.27076589
1.20979392 -0.53819336
1.01098747 -0.60723230
0.68489953 -1.57304628
0.82605648 -1.01087693
0.83571812 -1.17190565
-0.79411988 1.54547237
0.30044144 -0.73905276
-1.09814781 0.83273588
-1.09475066 0.77211842
1.16567124 -0.77467954
-0.97093609 0.66108669
-0.88972556 1.62565975
0.65422754 -1.04079773
-1.20225820 0.57182654
1.08096967 -1.21417202
-0.92146837 0.90098747
0.52347938 -0.86084466
-0.90239185 0.42617166
-1.14080134 0.65454171
1.50262365 -1.28469620
-0.94128884 1.11491728
1.24753929 -0.65586171
0.87106592 -0.60405650
1.11703729 -0.41685670
-0.56420594 0.97184839
1.19603809 -1.20231664
0.65818207 -1.09458445
0.75380366 -1.20425882
-0.96828117 0.63345003
1.36102214 -0.84234924
-0.74903369 0.61354369
-1.32905622 1.15558328
1.12877001 -0.65958393
-0.64666269 0.53328021
-1.19817847 0.84591604
-0.77367734 0.64149852
-0.85638275 1.46681889
0.77612058 -1.11464782
-0.85204049 1.00852921
-1.14894453 1.11945300
-0.69067939 1.20720714
0.46709356 -1.41674525
-0.96236840 1.04694013
-1.39512731 0.78693271
-0.56392655 1.19240283
-1.25465369 1.08397729
0.90446921 -0.97750895
1.15796763 -1.76391541
1.12210764 -0.84426885
-0.86147616 0.83591369
0.90183309 -0.60428450
-0.89191953 0.78052847
0.80907032 -0.82078761
-1.01479258 0.73231432
0.72676921 -0.39278950
0.94927847 -0.75156077
0.65833430 -0.59438456
-0.98614123 0.49545137
0.75857146 -1.49428446
0.76255078 -1.16380028
0.82126004 -0.54961446
1.14914314 -0.81282408
1.46103003 -0.99844225
-1.30563171 1.20352289
-1.22883865 1.16761515
0.94199121 -1.03892949
0.76974529 -1.02146724
-1.10959192 0.73380371
1.12096079 -0.86816904
0.78383971 -0.92835284
-0.75647066 1.06832263
-1.32155615 1.45437063
0.73526749 -0.53173160
1.05516982 -0.29727966
0.64402570 -0.95197911
-1.28480345 0.39158883
1.26991360 -0.78730640
0.86825642 -0.76771388
1.30438721 -0.92753128
-1.23180205 1.08990093
-1.15858351 0.98072679
1.30088464 -1.43825960
-0.80420531 1.00274163
-0.93796202 1.15077897
1.01363624 -1.40899127
-1.11586832 0.62260082
1.19751165 -1.06148766
0.74353083 -0.87002152
-1.13139545 0.56527489
1.18436175 -0.84568635
0.99947864 -1.33785974
0.54716467 -0.77309674
0.46765218 -1.13078933
1.00243753 -1.06666112
1.40273458 -1.10778310
-0.95115373 1.62784039
-0.87028129 0.77437251
0.89363695 -0.57247546
1.13825289 -0.87374661
0.74030549 -0.80378712
-0.81711301 1.24825576
-0.58059578 0.55725711
0.89094758 -1.07769899
0.91402756 -0.72015423
0.79950992 -0.93111397
1.27198450 -1.14921558
0.80726950 -1.00664438
0.67000291 -0.83443691
0.94358111 -1.23803539
0.95949467 -1.18865366
1.38434088 -1.07028656
0.80709905 -0.75991680
0.61715719 -1.17203860
-0.81413467 1.26329814
-1.35584194 0.34777441
0.77138351 -0.69625823
-0.61703181 0.95727113
-1.17996169 0.92000070
-1.15506311 1.01025688
1.09073364 -0.80462864
-1.19762692 1.14378927
1.41428193 -1.09151526
-1.10611207 1.33847085
-1.09370235 1.01521839
1.05338734 -0.86370930
1.38349432 -0.73553991
-0.90718663 0.95496158
-0.91127280 0.41343431
0.80132262 -1.35789551
0.47517185 -0.63529872
-1.16241814 0.88354248
1.09619129 -0.77334407
-0.94858543 0.84570790
-0.95971624 0.95967426
1.39665223 -1.10729217
-0.82912160 1.09257510
0.80434048 -0.87420827
0.67834468 -0.96485098
1.00486578 -0.69330666
0.74860554 -1.05885192
0.63063381 -0.72941289
-0.94126695 1.21746647
0.41982672 -0.77643160
0.90396264 -1.18929267
-1.48215434 0.94422411
-1.14488340 1.18555805
-1.34708321 0.83600681
0.88146790 -0.54284341
1.08346432 -0.91021290
0.99610842 -0.62001166
0.91531945 -1.24936458
-1.12626418 0.71427674
0.82624247 -0.92655379
-0.97741260 1.25443943
-1.25234917 1.08153910
-0.97172110 1.27780311
-1.39230331 1.16029234
0.88679775 -1.08250608
-1.18974837 0.79769427
-0.27683722 0.96776377
-0.87843079 1.21936105
-1.09328272 1.10047565
-0.94408100 0.90875952
0.87260934 -1.41099431
-0.89762647 0.70320441
0.57356789 -1.00460495
1.29697056 -0.79695004
1.12689702 -0.92831749
1.15975525 -1.13312646
-1.16008567 0.89289754
0.77669490 -1.31784575
0.92953822 -0.85757807
-0.67924042 0.66965212
-0.70567291 0.91112629
-1.12123807 0.80135214
0.77164707 -0.70939986
0.78274823 -0.74499776
1.09748499 -0.98002314
-0.67671300 1.24084818
-0.97792789 1.13862480
1.01119423 -0.72572356
-1.03411597 1.21826986
1.13137066 -0.46013290
-0.90040056 1.38462794
-0.52594101 0.88312585
-0.99603266 0.66725593
0.63699830 -1.77042814
0.78736464 -1.03312353
-1.23606667 0.87432191
-1.44457623 1.36227534
-1.11352585 1.06109551
0.78353930 -0.45624787
0.86460710 -0.41157051
-0.79173683 0.93624210
1.19110336 -0.80738638
1.06086889 -1.04802902
1.19755256 -1.16523991
-0.74452096 0.71644777
0.95846889 -0.98429033
1.28316035 -0.97594595
0.92211636 -0.85885617
0.89154119 -1.05779159
0.87176725 -0.63919198
0.72885050 -0.95813385
-1.13173645 0.84505223
0.77540748 -1.48442631
1.02967411 -1.35426535
1.34708893 -0.60285263
1.21822317 -1.11735805
-1.33696728 0.69400395
0.79108108 -0.60440485
-1.37386675 1.32680892
1.01550568 -0.26743823
0.94382227 -0.90486222
-0.73718951 0.90758949
1.66043085 -1.39445948
0.91375724 -1.31794404
0.68083447 -0.66880824
-1.42436178 0.93625225
0.78657976 -0.88252792
1.27299939 -1.16215103
-1.08389747 0.86661419
-0.92265252 1.08671720
1.15002453 -0.89960928
1.11120026 -0.78926440
1.03968834 -0.75292314
-0.99804759 1.29137327
-0.97228195 0.87224661
0.77878669 -0.86319285
-0.39498448 0.41551620
0.95740590 -0.59403086
0.89057461 -1.16025876
0.96266278 -1.02214909
-1.33218768 1.15640410
-1.11548563 1.12528917
0.63694566 -1.47655916
-0.91390336 0.78670156
0.96610756 -0.83634793
0.84918081 -1.03768390
0.76626465 -0.36333162
0.75355188 -0.64239044
1.09486235 -1.22848031
0.84675278 -0.93499506
-0.78433467 0.86631363
0.68277717 -1.12038337
-1.03946208 0.64768348
-0.86530083 1.11915357
1.20665059 -0.90295038
1.50431882 -1.27490073
-1.03832660 1.69838526
-0.77655159 1.07348616
-0.41437993 1.43347081
-0.94811208 0.82035290
0.83381745 -1.01188226
-0.92084709 1.05730128
1.07605870 -0.99157266
-1.02572221 1.25319698
0.69991287 -0.68360667
-1.17025665 0.56099360
-0.78435117 1.45855745
0.68537290 -0.72347747
1.38918558 -1.29654040
0.90606573 -0.90419809
1.00177545 -0.70692769
-1.14977705 1.01527434
0.98673875 -1.02365040
-0.91069488 0.92494940
0.89013776 -1.24522128
1.12121424 -0.67709446
1.11768598 -1.08327102
0.99634986 -1.36995236
-1.27614621 1.05466007
-0.84925100 0.81365424
0.89013916 -0.88091838
-0.47182962 0.65768919
-0.75506688 0.70181210
-1.37894415 1.30231783
-1.14510807 1.10817426
0.86432677 -1.05065814
-1.26416353 0.62305971
-1.09091197 1.24175981
0.68250105 -1.16787604
-0.94523632 1.24405472
1.13791242 -1.07344387
1.38350978 -0.62074836
-0.54348778 0.80794156
-0.88072353 0.72436995
-1.12876293 1.46008705
1.53340921 -1.03007977
-1.18685743 1.52601418
0.93199134 -0.84820698
1.03713314 -0.86593906
0.88539591 -0.71707556
-0.99288400 1.02811546
-0.93294190 0.76450663
-0.94919555 0.56030868
-0.90010295 1.04662891
-0.59645718 1.12962138
0.93169553 -0.99200669
-0.87511577 0.46742332
-0.94110635 0.73925754
-1.26530143 1.43262776
-0.74929970 1.32388906
1.10264350 -1.46524196
-0.64500790 0.83945816
-0.95236258 1.25193798
0.51753935 -0.66198217
-0.89820929 0.93106334
-0.63037327 0.70587031
0.82541500 -0.88664639
1.14861547 -1.05903107
-1.10619869 1.01294988
1.06814553 -0.65486887
-1.10965726 0.79340074
0.92445448 -0.97661095
-1.03325170 0.87662192
1.03106801 -1.18820699
1.38389429 -0.85725888
-0.99745413 0.89083209
0.63003111 -0.85971125
1.09546503 -1.23457734
-1.19249125 0.86660313
1.27006308 -1.31885276
0.44776591 -0.95020362
0.92106350 -1.22997388
-1.03960110 1.14852079
0.82129369 -0.94148133
-0.91603934 0.96425423
-0.83879591 1.04311821
1.04520708 -0.68795366
0.86495263 -0.86532260
1.32453013 -1.05044219
-1.09394210 1.25049897
-0.96073804 1.08824026
-1.12847639 0.87141325
-1.03204239 1.04816848
-0.95960181 1.30253064
-1.69093629 0.93659624
0.73828731 -1.06634401
1.20664748 -0.84090783
0.95368519 -1.34197949
-0.28039920 0.92512875
1.36468240 -0.43097039
-0.65657320 1.16887216
-1.22915837 1.24080418
0.66511882 -1.06559255
1.30248610 -0.59857138
-1.21401211 1.37707203
1.09676480 -1.08354669
-1.06487805 0.93586842
-0.49361237 1.06270054
-1.03315646 0.74454953
1.37874093 -1.21433805
-1.15568764 0.86153735
-0.79752813 1.57497183
1.14546325 -0.84005862
0.58280238 -1.42482465
1.25304633 -0.99589777
-0.37975222 0.72956832
